# Elapsed time   CPU (%)     Real (MB)   Virtual (MB)
       0.000        0.000     1531.711     9101.863
       0.201        0.000     1531.711     9101.863
       0.402        0.000     1531.711     9101.863
       0.603        5.000     1531.711     9101.863
       0.805        0.000     1531.711     9101.863
       1.006        9.900     1531.711     9101.863
       1.207        5.000     1531.711     9101.863
       1.409        5.000     1531.711     9101.863
       1.610        5.000     1531.711     9101.863
       1.810       44.800     1507.711     9101.863
       2.011      129.600     1524.211     9101.863
       2.212      189.500     1573.449     9506.105
       2.412      393.900     1688.812     9506.105
       2.613      378.300     1811.422     9506.105
       2.814      353.200     1895.465     9506.105
       3.015      234.100     1531.914     9101.863
       3.215      269.200     1611.973     9506.105
       3.416      393.800     1731.703     9506.105
       3.617      373.900     1833.727     9506.105
       3.817      363.600     1872.297     9442.105
       4.018      119.600     1532.055     9101.863
       4.219      384.000     1650.086     9506.105
       4.419      393.800     1777.188     9506.105
       4.620      353.100     1893.062     9506.105
       4.821      303.900     1531.832     9101.863
       5.021      189.400     1578.371     9506.105
       5.222      388.800     1696.297     9506.105
       5.423      383.800     1815.789     9506.105
       5.623      353.600     1895.449     9506.105
       5.824      214.200     1531.844     9101.863
       6.025      289.200     1620.332     9506.105
       6.225      398.800     1742.250     9506.105
       6.426      363.500     1833.914     9506.105
       6.627      373.200     1872.215     9442.105
       6.828      104.600     1532.488     9506.105
       7.029      398.600     1646.652     9506.105
       7.229      393.800     1771.176     9506.105
       7.430      338.600     1893.004     9506.105
       7.631      348.800     1531.777     9101.863
       7.831      129.400     1550.180     9506.105
       8.032      393.500     1661.062     9506.105
       8.233      388.500     1805.180     9506.105
       8.434      348.300     1895.578     9506.105
       8.635      284.100     1532.035     9101.863
       8.835      204.400     1581.855     9506.105
       9.036      388.800     1699.859     9506.105
       9.237      378.700     1819.652     9506.105
       9.437      348.500     1895.438     9506.105
       9.638      214.100     1531.871     9101.863
       9.839      269.200     1602.930     9506.105
      10.040      393.600     1718.785     9506.105
      10.240      368.700     1833.695     9506.105
      10.441      363.700     1872.262     9442.105
      10.642      164.400     1532.020     9101.863
      10.842      329.100     1635.660     9506.105
      11.043      398.900     1755.027     9506.105
      11.243      348.900     1870.953     9506.105
      11.444      368.800     1872.137     9442.105
      11.645      159.400     1531.895     9101.863
      11.845      339.000     1636.027     9506.105
      12.046      398.700     1752.559     9506.105
      12.247      338.800     1888.324     9506.105
      12.447      368.700     1531.973     9442.105
      12.648      104.600     1536.570     9506.105
      12.849      398.800     1658.566     9506.105
      13.049      393.200     1788.504     9506.105
      13.250      338.900     1893.098     9506.105
      13.451      304.000     1531.836     9101.863
      13.652      194.400     1579.629     9506.105
      13.852      388.800     1693.449     9506.105
      14.053      382.900     1811.207     9506.105
      14.254      343.300     1895.512     9506.105
      14.455      239.100     1531.980     9101.863
      14.656      264.200     1612.234     9506.105
      14.856      393.600     1724.992     9506.105
      15.057      368.400     1833.945     9506.105
      15.258      358.600     1872.258     9442.105
      15.459      159.400     1532.016     9101.863
      15.659      343.900     1635.941     9506.105
      15.860      398.700     1754.793     9506.105
      16.061      343.700     1888.734     9506.105
      16.261      373.800     1606.934     9442.105
      16.462      119.600     1548.660     9506.105
      16.663      393.900     1661.758     9506.105
      16.863      393.700     1788.344     9506.105
      17.064      338.700     1893.691     9506.105
      17.265      333.700     1531.961     9101.863
      17.466       49.800     1532.031     9101.863
      17.666        5.000     1532.031     9101.863
      17.867        0.000     1532.031     9101.863
      18.068        0.000     1532.031     9101.863
      18.269        0.000     1532.031     9101.863
      18.470        0.000     1532.031     9101.863
      18.671        0.000     1532.031     9101.863
      18.872        0.000     1532.031     9101.863
      19.074        0.000     1532.031     9101.863
      19.275        5.000     1532.031     9101.863
      19.476        5.000     1532.031     9101.863
