# Elapsed time   CPU (%)     Real (MB)   Virtual (MB)
       0.000        0.000     1544.258     9101.863
       0.201        0.000     1544.258     9101.863
       0.402        0.000     1544.258     9101.863
       0.604        5.000     1544.258     9101.863
       0.805        0.000     1544.258     9101.863
       1.006       14.900     1544.258     9101.863
       1.207        5.000     1544.258     9101.863
       1.409        5.000     1544.258     9101.863
       1.610       79.700     1544.309     9101.863
       1.810      204.400     1544.520     9101.863
       2.011      119.600     1572.859     9136.703
       2.211      204.300     1631.395     9889.117
       2.412      408.700     1741.586     9889.117
       2.613      368.900     1799.621     9889.117
       2.813      388.900     1928.270     9889.117
       3.014      383.500     2046.090     9889.117
       3.215      358.700     2124.465     9889.117
       3.415      368.700     2165.969     9889.117
       3.616      338.300     2287.895     9889.117
       3.817      378.400     2291.762     9889.117
       4.018      318.800     1544.395     9101.863
       4.219       99.700     1556.508     9165.863
       4.419      289.100     1673.277     9889.117
       4.620      353.800     1773.953     9889.117
       4.821      388.700     1853.355     9889.117
       5.021      383.900     1964.730     9889.117
       5.222      378.700     2085.387     9889.117
       5.422      353.800     2153.707     9889.117
       5.623      363.900     2193.633     9889.117
       5.824      344.000     2289.527     9889.117
       6.024      393.600     2255.379     9844.617
       6.225      204.300     1569.762     9136.703
       6.426      124.700     1594.766     9889.117
       6.626      378.900     1728.367     9889.117
       6.827      353.900     1788.977     9889.117
       7.027      398.800     1899.578     9889.117
       7.228      383.900     2021.008     9889.117
       7.429      363.700     2124.391     9889.117
       7.629      368.700     2161.258     9889.117
       7.830      338.900     2288.082     9889.117
       8.031      368.400     2291.691     9889.117
       8.232      373.500     1882.141     9780.617
       8.432      104.700     1548.195     9165.863
       8.633      244.300     1648.715     9889.117
       8.833      353.800     1771.988     9889.117
       9.034      378.900     1829.633     9889.117
       9.235      383.300     1960.344     9889.117
       9.436      387.600     2069.914     9889.117
       9.637      353.800     2139.008     9889.117
       9.837      368.700     2193.406     9889.117
      10.038      338.900     2287.754     9889.117
      10.239      383.600     2291.621     9889.117
      10.440      264.100     1567.473     9136.703
      10.640       99.700     1562.574     9165.863
      10.841      354.100     1699.078     9889.117
      11.041      358.700     1774.102     9889.117
      11.242      383.600     1884.188     9889.117
      11.443      383.900     1992.727     9889.117
      11.643      368.800     2101.266     9889.117
      11.844      358.700     2153.859     9889.117
      12.045      368.600     2193.562     9889.117
      12.246      343.700     2291.758     9889.117
      12.446      398.600     2255.277     9844.617
      12.647      144.400     1571.465     9136.703
      12.848      179.400     1622.508     9889.117
      13.049      373.400     1742.445     9889.117
      13.249      369.000     1799.734     9889.117
      13.450      393.900     1925.031     9889.117
      13.650      383.200     2045.945     9889.117
      13.851      353.700     2124.320     9889.117
      14.052      368.600     2166.070     9889.117
      14.253      338.700     2287.758     9889.117
      14.454      373.500     2291.625     9889.117
      14.655      348.700     1544.258     9101.863
      14.855       99.700     1556.371     9165.863
      15.056      269.200     1663.309     9889.117
      15.256      353.700     1772.652     9889.117
      15.457      383.800     1837.758     9889.117
      15.658      383.600     1960.477     9889.117
      15.859      388.400     2070.047     9889.117
      16.059      338.800     2153.578     9889.117
      16.260      373.700     2193.520     9889.117
      16.461      344.000     2287.871     9889.117
      16.661      373.500     2291.738     9889.117
      16.862      293.800     1566.793     9136.703
      17.063       99.600     1544.367     9101.863
      17.264      304.000     1670.684     9889.117
      17.464      348.800     1771.977     9889.117
      17.665      388.400     1827.527     9889.117
      17.866      382.600     1948.184     9889.117
      18.067      383.400     2059.301     9889.117
      18.268      348.800     2124.527     9889.117
      18.469      368.700     2173.770     9889.117
      18.669      334.200     2287.980     9889.117
      18.870      378.500     2291.590     9889.117
      19.071      313.700     1544.137     9101.863
      19.272       99.700     1556.250     9165.863
      19.472      284.200     1670.945     9889.117
      19.673      353.800     1773.785     9889.117
      19.873      388.700     1840.301     9889.117
      20.074      378.800     1960.184     9889.117
      20.275      388.600     2069.754     9889.117
      20.475      342.800     2153.285     9889.117
      20.677      373.200     2193.746     9889.117
      20.878      338.600     2288.105     9889.117
      21.078      378.300     2291.715     9889.117
      21.279      294.000     1566.820     9136.703
      21.480       99.700     1553.414     9165.863
      21.680      324.200     1685.402     9889.117
      21.881      353.700     1774.000     9889.117
      22.082      388.600     1859.336     9889.117
      22.283      378.600     1968.391     9889.117
      22.483      378.700     2085.438     9889.117
      22.684      353.700     2153.727     9889.117
      22.885      363.500     2193.430     9889.117
      23.085      353.800     2289.332     9889.117
      23.286      378.600     2255.172     9844.617
      23.487      244.100     1567.750     9136.703
      23.688       99.700     1566.203     9165.863
      23.888      358.700     1706.621     9889.117
      24.089      358.500     1789.309     9889.117
      24.290      393.700     1880.574     9889.117
      24.490      383.700     1992.207     9889.117
      24.691      373.000     2085.793     9889.117
      24.892      353.700     2153.855     9889.117
      25.093      363.700     2193.559     9889.117
      25.294      339.000     2291.270     9889.117
      25.494      388.300     2255.266     9844.617
      25.695      204.300     1568.875     9136.703
      25.896      114.700     1585.363     9889.117
      26.096      378.900     1725.543     9889.117
      26.297      358.800     1789.168     9889.117
      26.498      388.600     1891.262     9889.117
      26.698      383.700     1999.543     9889.117
      26.899      368.800     2101.379     9889.117
      27.100      358.700     2153.715     9889.117
      27.301      363.800     2193.418     9889.117
      27.501      348.400     2291.645     9889.117
      27.702      387.700     2255.164     9844.617
      27.904      179.200     1570.320     9136.703
      28.104      149.600     1601.992     9889.117
      28.305      378.300     1728.629     9889.117
      28.506      353.700     1788.891     9889.117
      28.706      393.800     1894.594     9889.117
      28.907      378.800     2012.930     9889.117
      29.108      373.800     2101.102     9889.117
      29.308      358.800     2153.949     9889.117
      29.509      363.600     2193.652     9889.117
      29.710      343.700     2291.621     9889.117
      29.910      388.200     2255.172     9844.617
      30.112      173.700     1544.418     9101.863
      30.313       24.800     1544.418     9101.863
      30.514        5.000     1544.418     9101.863
      30.716        0.000     1544.418     9101.863
      30.917        0.000     1544.418     9101.863
      31.118        5.000     1544.418     9101.863
      31.320        0.000     1544.418     9101.863
      31.521        0.000     1544.418     9101.863
      31.723        0.000     1544.418     9101.863
      31.924        0.000     1544.418     9101.863
      32.126        0.000     1544.418     9101.863
