# Elapsed time   CPU (%)     Real (MB)   Virtual (MB)
       0.000        0.000     1544.418     9101.863
       0.201        0.000     1544.418     9101.863
       0.402        0.000     1544.418     9101.863
       0.604        9.900     1544.418     9101.863
       0.805        0.000     1544.418     9101.863
       1.006        9.900     1544.418     9101.863
       1.208        5.000     1544.418     9101.863
       1.409        0.000     1544.418     9101.863
       1.610        0.000     1544.418     9101.863
       1.811       49.800     1544.418     9101.863
       2.011      114.700     1544.418     9101.863
       2.212      109.700     1572.246     9136.703
       2.412      184.500     1628.180     9889.117
       2.613      369.000     1765.359     9889.117
       2.813      373.900     1810.055     9889.117
       3.014      393.800     1934.062     9889.117
       3.215      373.800     2057.773     9889.117
       3.415      368.700     2124.547     9889.117
       3.616      368.900     2169.922     9889.117
       3.816      334.000     2288.000     9889.117
       4.017      373.100     2291.867     9889.117
       4.218      298.700     1566.910     9136.703
       4.419       99.700     1544.484     9165.863
       4.620      314.000     1681.344     9889.117
       4.820      353.800     1774.266     9889.117
       5.021      393.700     1863.211     9889.117
       5.222      378.900     1977.164     9889.117
       5.422      383.900     2085.703     9889.117
       5.623      349.000     2154.023     9889.117
       5.823      368.800     2193.727     9889.117
       6.024      338.900     2290.148     9889.117
       6.225      393.700     2255.219     9844.617
       6.425      209.200     1568.570     9136.703
       6.626      104.700     1575.016     9165.863
       6.827      383.800     1706.664     9889.117
       7.027      353.800     1788.895     9889.117
       7.228      393.600     1891.246     9889.117
       7.429      383.700     2011.902     9889.117
       7.629      383.900     2085.637     9889.117
       7.830      363.400     2153.953     9889.117
       8.031      363.700     2193.656     9889.117
       8.231      343.800     2291.879     9889.117
       8.432      392.900     2255.355     9844.617
       8.633      184.200     1570.512     9136.703
       8.834      144.600     1602.953     9889.117
       9.035      378.700     1728.578     9889.117
       9.235      363.300     1789.207     9889.117
       9.436      393.600     1912.441     9889.117
       9.637      383.700     2030.777     9889.117
       9.838      353.700     2124.621     9889.117
      10.038      368.700     2166.125     9889.117
      10.239      333.800     2288.066     9889.117
      10.440      368.300     2291.934     9889.117
      10.641      378.400     1920.273     9780.617
      10.842       99.700     1548.961     9165.863
      11.042      244.400     1651.820     9889.117
      11.243      363.900     1772.215     9889.117
      11.443      378.100     1835.242     9889.117
      11.644      383.500     1960.539     9889.117
      11.845      388.600     2062.375     9889.117
      12.046      358.500     2124.508     9889.117
      12.247      353.400     2193.344     9889.117
      12.448      338.400     2287.949     9889.117
      12.648      383.600     2291.816     9889.117
      12.849      293.800     1566.918     9136.703
      13.050       99.700     1551.191     9165.863
      13.251      324.200     1685.746     9889.117
      13.451      348.800     1774.070     9889.117
      13.652      383.700     1860.949     9889.117
      13.853      383.500     1969.230     9889.117
      14.053      378.800     2085.504     9889.117
      14.254      353.700     2153.809     9889.117
      14.455      368.700     2193.766     9889.117
      14.655      333.900     2289.660     9889.117
      14.856      388.700     2255.504     9844.617
      15.057      234.100     1568.082     9136.703
      15.257       99.700     1569.371     9165.863
      15.458      373.900     1707.121     9889.117
      15.666      350.500     1789.125     9889.117
      15.867      393.500     1891.219     9889.117
      16.068      383.800     1997.695     9889.117
      16.268      363.700     2101.336     9889.117
      16.469      358.600     2153.930     9889.117
      16.670      363.800     2193.633     9889.117
      16.870      338.900     2291.820     9889.117
      17.071      387.900     2255.309     9844.617
      17.272      179.300     1570.207     9136.703
      17.473      144.600     1601.898     9889.117
      17.673      378.900     1728.570     9889.117
      17.874      363.300     1789.207     9889.117
      18.075      388.700     1899.551     9889.117
      18.276      378.700     2014.277     9889.117
      18.476      373.600     2101.676     9889.117
      18.677      353.800     2154.012     9889.117
      18.878      363.800     2210.215     9889.117
      19.078      339.000     2291.934     9889.117
      19.279      393.300     2255.395     9844.617
      19.480      144.500     1571.840     9136.703
      19.681      184.300     1631.621     9889.117
      19.881      363.500     1761.875     9889.117
      20.082      378.800     1801.664     9889.117
      20.283      388.900     1918.195     9889.117
      20.484      383.500     2031.375     9889.117
      20.684      358.500     2124.703     9889.117
      20.885      363.500     2165.438     9889.117
      21.086      328.900     2278.617     9889.117
      21.286      368.800     2291.766     9889.117
      21.487      398.200     2255.258     9844.617
      21.688      109.500     1572.477     9136.703
      21.889      214.400     1633.797     9889.117
      22.089      353.800     1766.605     9889.117
      22.290      388.800     1812.602     9889.117
      22.491      383.600     1928.359     9889.117
      22.692      383.600     2038.703     9889.117
      22.892      353.700     2124.555     9889.117
      23.093      358.800     2166.059     9889.117
      23.294      333.800     2285.398     9889.117
      23.494      378.200     2291.844     9889.117
      23.695      388.300     2156.441     9780.617
      23.896      104.600     1572.797     9136.703
      24.097      214.400     1637.484     9889.117
      24.297      358.800     1771.801     9889.117
      24.498      383.800     1813.730     9889.117
      24.699      388.800     1928.199     9889.117
      24.899      378.700     2041.379     9889.117
      25.100      358.700     2124.395     9889.117
      25.301      363.500     2166.129     9889.117
      25.502      333.700     2287.559     9889.117
      25.702      368.200     2291.684     9889.117
      25.903      393.300     2147.301     9780.617
      26.104      104.600     1544.312     9165.863
      26.305      224.400     1641.996     9889.117
      26.505      353.800     1771.879     9889.117
      26.706      368.700     1801.906     9889.117
      26.907      383.800     1917.922     9889.117
      27.107      383.900     2025.945     9889.117
      27.308      358.900     2120.820     9889.117
      27.508      358.700     2154.074     9889.117
      27.709      348.600     2239.926     9889.117
      27.910      353.700     2291.746     9889.117
      28.111      393.100     2255.230     9844.617
      28.312      183.900     1544.492     9101.863
      28.513       19.900     1544.492     9101.863
      28.714        0.000     1544.492     9101.863
      28.915        0.000     1544.492     9101.863
      29.116        0.000     1544.492     9101.863
      29.318        0.000     1544.492     9101.863
      29.519        0.000     1544.492     9101.863
      29.721        5.000     1544.492     9101.863
      29.922        0.000     1544.492     9101.863
      30.124        0.000     1544.492     9101.863
      30.326        0.000     1544.492     9101.863
      30.527        0.000     1544.492     9101.863
      30.729        0.000     1544.492     9101.863
      30.930        0.000     1544.492     9101.863
