# Elapsed time   CPU (%)     Real (MB)   Virtual (MB)
       0.000        0.000     1557.141     9125.879
       0.501        2.000     1557.141     9125.879
       1.002       20.000     1557.141     9125.879
       1.503       18.000     1557.141     9125.879
       2.004       19.900     1557.160     9125.879
       2.506       89.800     1557.344     9125.879
       3.007      105.800     1596.285     9169.941
       3.508      123.700     1639.988     9571.762
       4.009      397.200     1929.754     9571.762
       4.510      229.500     1590.406     9173.953
       5.011       99.800     1597.059     9181.973
       5.512      301.500     1820.852     9575.773
       6.013      351.400     1564.332     9173.953
       6.514       97.800     1598.363     9173.953
       7.015      195.600     1724.453     9575.773
       7.516      393.100     2005.664     9575.773
       8.017      163.700     1594.188     9173.953
       8.518      101.800     1622.789     9196.523
       9.019      385.300     1902.512     9575.773
       9.520      263.500     1588.719     9177.965
      10.021       99.800     1601.168     9185.984
      10.522      281.500     1812.336     9579.785
      11.023      365.300     1557.535     9125.879
      11.524      101.800     1598.270     9173.953
      12.025      179.600     1709.266     9575.773
      12.525      395.300     1997.453     9575.773
      13.026      171.700     1594.180     9177.965
      13.527      101.800     1615.965     9200.535
      14.028      373.300     1889.504     9579.785
      14.529      281.500     1591.160     9177.965
      15.030      103.800     1565.285     9165.949
      15.531      235.600     1770.359     9579.785
      16.032      389.300     2010.434     9579.785
      16.533      123.800     1599.855     9177.965
      17.034      123.700     1653.500     9579.785
      17.535      397.300     1941.691     9579.785
      18.036      225.600     1594.891     9177.965
      18.537      101.800     1601.285     9185.984
      19.038      311.400     1834.121     9579.785
      19.539      345.300     1585.039     9177.965
      20.040       99.800     1602.570     9177.965
      20.541      201.600     1735.617     9579.785
      21.042      395.200     2010.121     9579.785
      21.543      161.700     1598.137     9177.965
      22.044       99.800     1624.934     9200.535
      22.545      387.300     1901.043     9579.785
      23.046      271.500     1591.902     9177.965
      23.547       97.800     1600.875     9185.984
      24.048      277.400     1808.375     9579.785
      24.549      385.300     1662.652     9496.488
      25.050       99.800     1601.312     9177.965
      25.551      159.700     1690.535     9579.785
      26.052      399.200     1967.637     9579.785
      26.553      191.600     1557.156     9125.879
      27.054        4.000     1557.156     9125.879
      27.556        0.000     1557.156     9125.879
      28.057        2.000     1557.156     9125.879
      28.559        0.000     1557.156     9125.879
      29.061        2.000     1557.156     9125.879
