# Elapsed time   CPU (%)     Real (MB)   Virtual (MB)
       0.000        0.000     1550.891     9123.879
       0.501        2.000     1550.891     9123.879
       1.003        6.000     1550.891     9123.879
       1.505       13.900     1550.891     9123.879
       2.006       37.900     1550.906     9123.879
       2.507      119.800     1584.676     9167.941
       3.008       99.800     1590.672     9175.961
       3.509      299.500     1805.949     9569.762
       4.010      353.300     1558.168     9171.953
       4.511       99.800     1591.941     9171.953
       5.012      187.600     1710.555     9573.773
       5.513      393.300     1999.184     9573.773
       6.014      169.700     1585.902     9171.953
       6.515       99.800     1590.934     9179.973
       7.016      339.400     1853.254     9573.773
       7.517      311.400     1578.891     9171.953
       8.018      101.800     1554.820     9159.938
       8.519      233.600     1760.152     9573.773
       9.019      393.200     2000.234     9573.773
       9.521      125.800     1589.910     9175.965
      10.021      129.800     1654.008     9577.785
      10.522      397.300     1938.598     9577.785
      11.023      223.600     1584.836     9171.953
      11.524      101.800     1591.141     9179.973
      12.025      325.400     1837.082     9573.773
      12.526      333.400     1578.945     9175.965
      13.027       97.800     1593.125     9175.965
      13.528      221.600     1747.457     9577.785
      14.029      391.300     2003.809     9577.785
      14.530      145.700     1592.457     9175.965
      15.031      113.800     1635.273     9577.785
      15.532      397.300     1913.902     9577.785
      16.033      253.500     1586.723     9175.965
      16.534      109.800     1594.578     9183.984
      17.035      299.500     1817.809     9577.785
      17.536      361.300     1550.934     9123.879
      18.037      101.800     1595.797     9175.965
      18.538      187.600     1712.605     9577.785
      19.039      397.300     1976.309     9577.785
      19.539      181.700     1591.117     9175.965
      20.040       99.800     1609.668     9198.535
      20.541      369.400     1872.895     9577.785
      21.042      297.400     1583.371     9175.965
      21.543       99.800     1564.969     9163.949
      22.044      255.600     1778.809     9577.785
      22.545      391.300     2004.465     9577.785
      23.046      121.700     1594.402     9175.965
      23.547      135.800     1661.711     9577.785
      24.048      399.300     1933.938     9577.785
      24.549      231.600     1588.426     9175.965
      25.050      101.800     1595.262     9183.984
      25.551      315.400     1828.699     9577.785
      26.052      353.000     1551.266     9123.879
      26.553       12.000     1551.266     9123.879
      27.055        2.000     1551.266     9123.879
      27.557        0.000     1551.266     9123.879
      28.058        0.000     1551.266     9123.879
      28.560        2.000     1551.266     9123.879
      29.062        0.000     1551.266     9123.879
      29.563        2.000     1551.266     9123.879
      30.065        2.000     1551.266     9123.879
      30.567        0.000     1551.266     9123.879
      31.069        0.000     1551.266     9123.879
      31.570        2.000     1551.266     9123.879
      32.072        2.000     1551.266     9123.879
      32.574        0.000     1551.266     9123.879
      33.076        2.000     1551.266     9123.879
      33.578        0.000     1551.266     9123.879
      34.079        2.000     1551.266     9123.879
      34.581       10.000     1551.266     9123.879
      35.082        2.000     1551.266     9123.879
      35.584        0.000     1551.266     9123.879
      36.085        2.000     1551.266     9123.879
      36.587        2.000     1551.266     9123.879
      37.089        0.000     1551.266     9123.879
