# Elapsed time   CPU (%)     Real (MB)   Virtual (MB)
       0.005        0.000      579.762     1151.359
       0.220        0.000      579.762     1151.359
       0.441        0.000      579.762     1151.359
       0.641        0.000      579.762     1151.359
       0.861        0.000      579.762     1151.359
       1.080        0.000      579.762     1151.359
       1.281       15.400      579.762     1151.359
       1.501        7.100      579.766     1151.359
       1.701        7.700      579.773     1151.359
       1.921        6.700      579.773     1151.359
       2.140       92.400      572.469     1151.488
       2.355      171.200      588.203     1168.746
       2.560      300.200      665.715     1556.367
       2.785      352.400      757.160     1556.367
       2.989      384.900      858.773     1556.367
       3.200      346.400      963.480     1556.367
       3.420      399.500      870.684     1495.699
       3.630      100.300      587.621     1187.016
       3.850      399.500      700.168     1556.367
       4.050      398.900      796.172     1556.301
       4.260      394.200      889.777     1556.301
       4.475      356.700      965.848     1556.301
       4.685      215.500      599.070     1175.391
       4.900      249.700      665.582     1556.301
       5.115      399.500      758.828     1556.301
       5.320      384.900      864.379     1556.301
       5.530      331.000      963.449     1556.301
       5.740      335.300      728.555     1495.633
       5.960      142.700      620.160     1556.301
       6.160      377.200      706.375     1556.301
       6.360      401.100      790.836     1556.301
       6.576      356.700      889.777     1556.301
       6.780      346.400      965.848     1556.301
       6.986      307.900      596.992     1175.391
       7.190      185.500      642.363     1556.301
       7.400      400.200      728.652     1556.301
       7.605      384.900      829.531     1556.301
       7.805      392.500      903.961     1556.301
       8.010      354.100      965.848     1556.301
       8.215      214.500      600.027     1175.391
       8.420      261.700      667.723     1556.301
       8.630      401.400      755.133     1556.301
       8.840      398.300      858.742     1556.301
       9.050      338.700      963.449     1556.301
       9.270      367.300      815.660     1495.633
       9.470       99.700      602.008     1186.949
       9.680      401.400      706.375     1556.301
       9.890      400.200      802.836     1556.301
      10.100      363.900      889.777     1556.301
      10.320      335.300      965.848     1556.301
      10.540      249.700      598.910     1175.391
      10.760      272.400      662.332     1556.301
      10.970      375.300      746.770     1556.301
      11.190      387.000      850.078     1556.301
      11.400      321.100      963.449     1556.301
      11.610      377.200      803.652     1495.633
      11.820      142.700      615.617     1556.301
      12.040      399.500      710.180     1556.301
      12.250      400.200      812.977     1556.301
      12.450      323.300      903.949     1556.301
      12.660      356.700      965.848     1556.301
      12.880      207.900      600.262     1175.391
      13.090      283.400      667.723     1556.301
      13.290      377.200      752.512     1556.301
      13.505      394.200      847.551     1556.301
      13.710      344.700      959.504     1556.301
      13.915      400.200      927.820     1499.945
      14.126      123.200      599.945     1180.246
      14.326      354.100      690.609     1556.301
      14.535      399.500      782.656     1556.301
      14.740      384.900      881.465     1556.301
      14.950      346.400      965.848     1556.301
      15.160      313.900      596.676     1175.391
      15.370      192.400      642.660     1556.301
      15.580      377.200      731.289     1556.301
      15.790      399.500      840.113     1556.301
      16.010      379.900      963.449     1556.301
      16.230      356.700      927.820     1499.945
      16.430      123.200      599.078     1180.246
      16.640      400.200      700.133     1556.301
      16.860      371.000      805.574     1556.301
      17.075      349.600      897.605     1556.301
      17.290      378.100      965.848     1556.301
      17.500      230.900      599.879     1175.391
      17.715      271.100      668.066     1556.301
      17.930      387.000      756.164     1556.301
      18.140      400.200      857.500     1556.301
      18.360      342.500      963.449     1556.301
      18.570      378.100      824.875     1495.633
      18.785      121.300      615.617     1556.301
      18.990      377.200      706.375     1556.301
      19.210      399.500      810.586     1556.301
      19.420      361.800      894.410     1556.301
      19.630      358.400      965.848     1556.301
      19.840      260.400      596.992     1175.391
      20.055      164.900      636.156     1556.301
      20.270      399.500      714.801     1556.301
      20.490      399.500      806.965     1556.301
      20.700      369.500      889.777     1556.301
      20.915      356.700      965.848     1556.301
      21.130      322.500      597.668     1495.633
      21.331       15.300      580.062     1151.484
      21.550       92.400      581.570     1151.551
      21.751        0.000      581.570     1151.551
      21.971        0.000      581.570     1151.551
      22.181        0.000      581.570     1151.551
      22.401        0.000      581.570     1151.551
      22.611        0.000      581.570     1151.551
      22.821        0.000      581.570     1151.551
      23.021        0.000      581.570     1151.551
      23.241        0.000      581.570     1151.551
      23.461        0.000      581.570     1151.551
      23.681        0.000      581.570     1151.551
