# Elapsed time   CPU (%)     Real (MB)   Virtual (MB)
       0.000        0.000      570.949     1147.977
       0.210       23.100      570.953     1147.977
       0.411       15.400      571.164     1147.977
       0.631       14.300      571.164     1147.977
       0.831       38.500      571.164     1147.977
       1.050       14.300      571.164     1147.977
       1.270       64.200      546.941     1155.020
       1.490      114.200      589.414     1172.078
       1.710      265.200      641.934     1552.992
       1.930      428.100      728.754     1553.059
       2.140      399.500      833.117     1553.059
       2.345      323.300      944.242     1553.059
       2.560      378.100      919.551     1496.699
       2.780      121.800      579.316     1183.707
       2.990      383.000      691.863     1553.059
       3.205      387.000      787.449     1553.059
       3.420      371.000      881.473     1552.992
       3.620      307.500      957.543     1552.992
       3.840      272.400      589.695     1172.078
       4.060      239.400      651.430     1552.992
       4.260      401.100      740.312     1552.992
       4.480      378.100      843.305     1552.992
       4.700      335.300      955.160     1552.992
       4.910      379.900      919.531     1496.633
       5.120      137.900      583.742     1172.617
       5.320      284.800      664.789     1552.992
       5.530      365.500      758.348     1552.992
       5.730      374.000      854.617     1552.992
       5.940      356.700      955.160     1552.992
       6.150      377.200      748.211     1492.316
       6.360      114.200      607.328     1552.992
       6.575      387.000      699.398     1552.992
       6.780      400.200      793.301     1552.992
       6.990      352.300      881.488     1552.992
       7.210      379.900      957.559     1552.992
       7.416      223.200      590.914     1172.078
       7.630      249.700      659.434     1552.992
       7.850      392.400      756.340     1552.992
       8.060      399.500      850.453     1552.992
       8.275      331.000      955.160     1552.992
       8.490      378.100      851.395     1492.316
       8.690      100.100      585.328     1183.641
       8.910      379.900      691.844     1552.992
       9.110      398.300      784.305     1552.992
       9.330      365.500      881.488     1552.992
       9.535      338.700      957.559     1552.992
       9.760      271.100      590.184     1172.078
       9.980      259.300      656.285     1552.992
      10.190      361.800      746.223     1552.992
      10.410      401.400      850.484     1552.992
      10.630      342.500      955.160     1552.992
      10.840      369.500      725.379     1492.316
      11.040      100.100      598.957     1552.992
      11.250      356.700      698.086     1552.992
      11.460      400.200      789.711     1552.992
      11.674      399.500      881.488     1552.992
      11.890      371.000      957.559     1552.992
      12.110      249.700      590.762     1172.078
      12.320      261.700      653.820     1553.535
      12.535      379.900      746.559     1553.469
      12.740      398.300      839.398     1553.406
      12.945      323.300      955.457     1553.406
      13.145      400.200      919.828     1497.047
      13.350      146.200      579.316     1165.781
      13.560      335.300      682.617     1553.406
      13.765      400.200      774.422     1553.406
      13.970      392.500      873.320     1553.406
      14.175      354.100      956.086     1553.406
      14.390      271.100      588.684     1172.492
      14.595      169.300      625.055     1553.406
      14.800      361.800      708.883     1553.406
      15.000      400.200      799.652     1553.406
      15.210      377.200      881.785     1553.406
      15.425      313.900      957.855     1553.406
      15.645      249.700      591.387     1172.492
      15.860      278.300      660.074     1553.406
      16.070      400.200      751.117     1553.406
      16.280      401.400      845.691     1553.406
      16.500      335.300      955.457     1553.406
      16.720      356.700      919.828     1497.047
      16.940       99.900      589.750     1173.031
      17.150      354.100      682.617     1553.406
      17.360      378.100      768.145     1553.406
      17.570      377.200      873.176     1553.406
      17.790      336.900      957.855     1553.406
      18.000      292.500      588.863     1172.492
      18.205      192.400      631.059     1553.406
      18.410      369.500      720.660     1553.406
      18.620      398.300      817.133     1553.406
      18.830      358.400      895.969     1553.406
      19.040      342.500      957.855     1553.406
      19.260      215.500      589.910     1172.492
      19.460      192.400      621.242     1553.406
      19.670      378.100      698.348     1553.336
      19.880      400.200      787.398     1553.336
      20.100      363.900      873.438     1553.336
      20.315      328.200      956.051     1553.336
      20.520      354.100      665.473     1492.660
      20.720       46.200      572.094     1148.574
      20.920       15.400      572.098     1148.574
      21.141        0.000      572.098     1148.574
      21.341        0.000      572.098     1148.574
