# Elapsed time   CPU (%)     Real (MB)   Virtual (MB)
       0.016        0.000      810.219     1325.352
       0.133        0.000      810.219     1325.352
       0.235        0.000      810.219     1325.352
       0.352       25.000      810.219     1325.352
       0.456        0.000      810.219     1325.352
       0.556        0.000      810.219     1325.352
       0.674       43.000      810.250     1325.414
       0.788       12.500      810.250     1325.414
       0.892       33.200      810.262     1325.414
       1.005        0.000      810.262     1325.414
       1.113       14.300      810.262     1325.414
       1.219      172.000      645.473     1160.199
       1.344       25.000      645.473     1160.199
       1.460       50.000      645.473     1160.199
       1.576        0.000      645.473     1160.199
       1.677        0.000      645.508     1160.266
       1.793        0.000      645.547     1160.340
       1.894        0.000      645.547     1160.340
       1.994        0.000      645.547     1160.340
       2.102       28.700      645.551     1160.340
       2.214        0.000      645.551     1160.340
       2.327        0.000      645.551     1160.340
       2.427        0.000      645.551     1160.340
       2.528        0.000      645.551     1160.340
       2.650        0.000      645.551     1160.340
       2.750        0.000      645.551     1160.340
       2.850        0.000      645.551     1160.340
       2.952        0.000      645.551     1160.340
       3.052        0.000      645.551     1160.340
       3.153        0.000      645.516     1160.273
       3.254        0.000      645.516     1160.273
       3.354        0.000      645.516     1160.273
       3.457        0.000      645.516     1160.273
       3.574        0.000      645.516     1160.273
       3.686        0.000      645.516     1160.273
       3.801        0.000      645.516     1160.273
       3.902        0.000      645.516     1160.273
       4.002        0.000      645.516     1160.273
       4.103        0.000      645.516     1160.273
       4.204        0.000      645.516     1160.273
       4.305        0.000      645.516     1160.273
       4.405        0.000      645.516     1160.273
       4.506        0.000      645.516     1160.273
       4.606        0.000      645.516     1160.273
       4.710        0.000      645.516     1160.273
       4.810        0.000      645.516     1160.273
       4.926        0.000      645.516     1160.273
       5.042        0.000      645.516     1160.273
       5.148        0.000      645.516     1160.273
       5.251        0.000      645.516     1160.273
       5.367        0.000      645.516     1160.273
       5.468        0.000      645.516     1160.273
       5.569        0.000      645.516     1160.273
       5.670        0.000      645.516     1160.273
       5.770        0.000      645.516     1160.273
       5.875        0.000      645.516     1160.273
       5.976        0.000      645.516     1160.273
       6.076        0.000      645.516     1160.273
       6.177        0.000      645.516     1160.273
       6.293        0.000      645.516     1160.273
       6.409        0.000      645.516     1160.273
       6.510        0.000      645.516     1160.273
       6.611        0.000      645.516     1160.273
       6.715        0.000      645.516     1160.273
       6.815        0.000      645.516     1160.273
       6.916        0.000      645.516     1160.273
       7.016        0.000      645.516     1160.273
       7.117        0.000      645.516     1160.273
       7.218        0.000      645.516     1160.273
       7.319        0.000      645.516     1160.273
       7.429        0.000      645.516     1160.273
       7.554        0.000      645.516     1160.273
       7.665        0.000      645.516     1160.273
       7.777        0.000      645.516     1160.273
       7.877        0.000      645.516     1160.273
       7.978        0.000      645.516     1160.273
       8.078        0.000      645.516     1160.273
       8.179        0.000      645.516     1160.273
       8.279        0.000      645.516     1160.273
       8.380        0.000      645.516     1160.273
       8.480        0.000      645.516     1160.273
       8.580        0.000      645.516     1160.273
       8.680        0.000      645.516     1160.273
       8.783        0.000      645.516     1160.273
       8.903        0.000      645.516     1160.273
       9.019        0.000      645.516     1160.273
       9.136        0.000      645.516     1160.273
       9.236        0.000      645.516     1160.273
       9.340        0.000      645.516     1160.273
       9.443        0.000      645.516     1160.273
       9.544        0.000      645.516     1160.273
       9.645        0.000      645.516     1160.273
       9.745        0.000      645.516     1160.273
       9.846        0.000      645.516     1160.273
       9.946        0.000      645.516     1160.273
      10.047        0.000      645.516     1160.273
      10.147        0.000      645.516     1160.273
      10.249        0.000      645.516     1160.273
      10.365        0.000      645.516     1160.273
      10.481        0.000      645.516     1160.273
      10.581        0.000      645.516     1160.273
      10.682        0.000      645.516     1160.273
      10.783        0.000      645.516     1160.273
      10.883        0.000      645.516     1160.273
      10.984        0.000      645.516     1160.273
      11.085        0.000      645.516     1160.273
      11.195       14.200      646.594     1195.168
      11.305      100.300      671.195     1188.191
      11.424        0.000      673.496     1188.191
      11.525        0.000      673.496     1188.191
      11.625        0.000      673.496     1188.191
      11.741        0.000      673.496     1188.191
      11.848        0.000      673.496     1188.191
      11.949        0.000      673.496     1188.191
      12.050        0.000      673.496     1188.191
      12.150        0.000      673.496     1188.191
      12.250        0.000      673.496     1188.191
      12.369        0.000      673.496     1188.191
      12.486        0.000      673.496     1188.191
      12.586        0.000      673.496     1188.191
      12.687        0.000      673.496     1188.191
      12.787        0.000      673.496     1188.191
      12.888        0.000      673.496     1188.191
      12.989        0.000      673.496     1188.191
      13.105        0.000      673.496     1188.191
      13.221        0.000      673.496     1188.191
      13.321        0.000      673.496     1188.191
      13.421        0.000      673.496     1188.191
      13.522        0.000      673.496     1188.191
      13.623        0.000      673.496     1188.191
      13.726        0.000      673.496     1188.191
      13.827        0.000      673.496     1188.191
      13.927        0.000      673.496     1188.191
      14.028        0.000      673.496     1188.191
      14.128        0.000      673.496     1188.191
      14.229        0.000      673.496     1188.191
      14.329        0.000      673.496     1188.191
      14.452        0.000      673.496     1188.191
      14.568        0.000      673.496     1188.191
      14.668        0.000      673.496     1188.191
      14.780       56.800      673.504     1188.191
      14.884       71.700      673.504     1188.191
      14.985       16.600      673.504     1188.191
      15.085        0.000      673.504     1188.191
      15.193        0.000      673.504     1188.191
      15.302        0.000      673.504     1188.191
      15.414        0.000      673.500     1188.191
      15.531        0.000      673.500     1188.191
      15.648        0.000      673.504     1188.191
      15.767        0.000      673.504     1188.191
      15.879        0.000      673.504     1188.191
      15.994        0.000      673.504     1188.191
      16.095        0.000      673.504     1188.191
      16.198        0.000      673.504     1188.191
      16.315        0.000      673.504     1188.191
      16.428        0.000      673.504     1188.191
      16.528        0.000      673.504     1188.191
      16.629        0.000      673.504     1188.191
      16.729       43.000      673.504     1188.191
      16.829        0.000      673.504     1188.191
      16.930        0.000      673.504     1188.191
      17.031        0.000      673.504     1188.191
      17.144        0.000      673.504     1188.191
      17.252        0.000      673.504     1188.191
      17.369        0.000      673.504     1188.191
      17.470        0.000      673.504     1188.191
      17.570        0.000      673.504     1188.191
      17.671        0.000      673.504     1188.191
      17.772        0.000      673.504     1188.191
      17.873        0.000      673.504     1188.191
      17.973        0.000      673.504     1188.191
      18.074        0.000      673.504     1188.191
      18.174        0.000      673.504     1188.191
      18.275        0.000      673.504     1188.191
      18.375        0.000      673.504     1188.191
      18.476        0.000      673.504     1188.191
      18.576        0.000      673.504     1188.191
      18.691       28.700      673.504     1188.191
      18.792       43.000      673.504     1188.191
      18.908        0.000      673.504     1188.191
      19.008        0.000      673.504     1188.191
      19.109        0.000      673.504     1188.191
      19.209        0.000      673.504     1188.191
      19.313        0.000      673.504     1188.191
      19.415        0.000      673.500     1188.191
      19.525        0.000      673.504     1188.191
      19.626        0.000      673.504     1188.191
      19.729        0.000      673.504     1188.191
      19.837        0.000      673.504     1188.191
      19.949        0.000      673.504     1188.191
      20.061        0.000      673.504     1188.191
      20.161        0.000      673.504     1188.191
      20.262        0.000      673.504     1188.191
      20.380        0.000      673.504     1188.191
      20.485        0.000      673.504     1188.191
      20.586        0.000      673.504     1188.191
      20.686        0.000      673.504     1188.191
      20.803        0.000      673.504     1188.191
      20.919        0.000      673.504     1188.191
      21.020        0.000      673.504     1188.191
      21.120        0.000      673.504     1188.191
      21.223        0.000      673.504     1188.191
      21.325        0.000      673.504     1188.191
      21.436      100.300      681.375     1205.941
      21.536      229.400      722.668     1594.109
      21.645      397.700      778.594     1594.109
      21.762      358.400      816.895     1594.109
      21.874      369.300      872.031     1594.109
      21.990      400.000      926.656     1594.109
      22.090      302.400      977.785     1594.109
      22.191      299.200     1019.160     1594.109
      22.306      362.500     1062.184     1594.109
      22.427      375.000     1004.273     1533.434
      22.550      100.000      695.934     1213.191
      22.662      143.300      703.531     1594.652
      22.774      369.300      764.633     1594.652
      22.895      362.500      813.785     1594.652
      23.017      401.400      874.340     1594.652
      23.128      362.500      922.035     1594.652
      23.250      369.300      978.375     1594.652
      23.372      325.000     1008.738     1594.652
      23.494      325.000     1062.758     1594.652
      23.615      387.500     1024.730     1538.289
      23.727      186.400      693.906     1213.734
      23.849      100.000      697.188     1219.129
      23.963      358.400      751.324     1595.195
      24.078      355.100      797.504     1595.195
      24.194      400.000      864.008     1595.195
      24.315      387.000      920.484     1595.195
      24.436      412.500      978.836     1595.195
      24.537      430.000     1001.332     1595.195
      24.644      299.200     1061.449     1595.195
      24.744      369.300     1063.219     1595.195
      24.844      252.000      717.238     1534.520
      24.945       99.400      698.461     1214.277
      25.045      151.200      718.016     1595.195
      25.145      398.900      770.770     1595.195
      25.246      369.300      804.230     1595.195
      25.361      401.400      870.715     1595.195
      25.461      372.700      917.016     1595.195
      25.562      299.200      979.023     1595.195
      25.662      358.400     1001.816     1595.195
      25.762      349.100     1061.305     1595.195
      25.862      299.200     1063.703     1595.195
      25.965      301.000     1025.688     1538.832
      26.066      199.500      694.633     1214.277
      26.178      100.000      681.684     1208.117
      26.279      299.200      739.387     1595.742
      26.379      398.900      789.047     1595.742
      26.479      372.700      823.883     1595.742
      26.579      398.900      879.621     1595.742
      26.679      401.400      923.562     1595.742
      26.780      349.100      979.902     1595.742
      26.880      398.900     1002.398     1595.742
      26.980      315.400     1062.516     1595.742
      27.080      398.900     1064.285     1595.742
      27.195      250.000      678.477     1190.914
      27.296      100.800      685.348     1208.117
      27.396      227.300      723.035     1595.742
      27.496      398.900      780.633     1595.742
      27.597      403.200      814.426     1595.742
      27.697      397.700      865.078     1595.742
      27.797      403.200      920.648     1595.742
      27.897      355.100      979.609     1595.742
      28.005      358.400     1002.402     1595.742
      28.117      411.900     1062.520     1595.742
      28.219      403.200     1064.289     1595.742
      28.329      269.900      678.484     1190.914
      28.430      100.300      681.727     1208.117
      28.552      229.400      734.605     1595.742
      28.652      397.700      788.113     1595.742
      28.752      398.900      819.027     1595.742
      28.853      401.400      872.859     1595.742
      28.968      401.400      925.254     1595.742
      29.089      337.500      979.914     1595.742
      29.211      362.500     1061.898     1595.742
      29.333      400.000     1064.297     1595.742
      29.454      269.900      678.484     1190.914
      29.576      100.000      696.191     1215.363
      29.698      287.500      748.504     1595.742
      29.819      387.500      804.824     1595.742
      29.940      401.400      856.582     1595.742
      30.048      358.400      900.562     1595.742
      30.148      269.900      928.785     1595.742
      30.248      398.900      979.617     1595.742
      30.357      372.700     1002.410     1595.742
      30.467      243.700     1064.297     1595.742
      30.580      397.700     1026.270     1539.379
      30.680      229.400      695.422     1214.824
      30.782       99.700      682.180     1208.117
      30.884      272.400      741.266     1595.742
      30.996      397.700      799.035     1595.742
      31.096      403.200      834.430     1595.742
      31.196      397.700      888.047     1595.742
      31.314      401.400      940.289     1595.742
      31.436      362.500      988.680     1595.742
      31.558      262.500     1062.352     1595.742
      31.679      337.500     1031.680     1553.336
      31.801      212.500      695.801     1214.824
      31.923      100.300      698.750     1219.676
      32.045      325.000      764.391     1595.742
      32.166      375.000      815.777     1595.742
      32.288      400.000      876.617     1595.742
      32.409      397.700      946.293     1595.742
      32.531      400.000     1002.852     1595.742
      32.652      337.500     1062.980     1595.742
      32.774      400.000     1026.723     1539.379
      32.896      212.500      695.895     1214.824
      33.018      100.300      688.387     1205.719
      33.139      350.000      769.168     1595.742
      33.261      400.000      817.789     1595.742
      33.382      387.500      876.332     1595.742
      33.503      400.000      935.969     1595.742
      33.625      284.100      988.680     1595.742
      33.747      300.000     1062.352     1595.742
      33.869      400.000     1064.750     1595.742
      33.991      237.500      681.117     1214.824
      34.112      100.000      683.953     1208.117
      34.234      358.400      755.027     1595.742
      34.355      325.000      807.105     1595.742
      34.477      400.000      874.617     1595.742
      34.598      400.000      935.402     1595.742
      34.720      301.000      988.680     1595.742
      34.842      325.000     1062.352     1595.742
      34.964      362.500     1064.750     1595.742
      35.085      287.500      681.270     1214.824
      35.207      100.000      684.043     1208.117
      35.329      312.500      760.297     1595.742
      35.450      325.000      811.227     1595.742
      35.572      400.000      876.543     1595.742
      35.694      400.000      941.629     1595.742
      35.815      286.700      990.105     1595.742
      35.937      312.500     1062.352     1595.742
      36.059      362.500     1026.723     1539.379
      36.180      212.500      695.895     1214.824
      36.282       99.700      686.090     1208.117
      36.405      325.000      754.031     1595.742
      36.526      400.000      807.938     1595.742
      36.648      375.000      868.816     1595.742
      36.769      400.000      929.238     1595.742
      36.891      272.400      980.367     1595.742
      37.012      325.000     1062.352     1595.742
      37.134      362.500     1064.750     1595.742
      37.255      250.000      679.480     1194.160
      37.378       99.400      682.180     1208.117
      37.499      325.000      756.840     1595.742
      37.621      387.500      807.930     1595.742
      37.743      362.500      876.332     1595.742
      37.864      387.500      935.402     1595.742
      37.986      358.400      988.680     1595.742
      38.107      362.500     1062.352     1595.742
      38.229      400.000     1031.910     1553.336
      38.351      250.000      695.578     1214.824
      38.473      100.000      696.453     1215.363
      38.594      358.400      763.332     1595.742
      38.715      400.000      816.098     1595.742
      38.836      400.000      881.559     1595.742
      38.958      337.500      941.629     1595.742
      39.080      312.500      993.254     1595.742
      39.202      362.500     1062.980     1595.742
      39.324      400.000     1026.723     1539.379
      39.446      212.500      678.957     1190.914
      39.554       43.000      678.957     1190.914
      39.655        0.000      678.957     1190.914
      39.756        0.000      678.957     1190.914
      39.856        0.000      678.957     1190.914
      39.960        0.000      678.957     1190.914
      40.060        0.000      678.957     1190.914
      40.177        0.000      678.957     1190.914
      40.286        0.000      678.957     1190.914
      40.393        0.000      678.957     1190.914
      40.497        0.000      678.957     1190.914
      40.604        0.000      678.957     1190.914
      40.712        0.000      678.957     1190.914
      40.817        0.000      678.957     1190.914
      40.933        0.000      678.957     1190.914
      41.036        0.000      678.957     1190.914
      41.137        0.000      678.957     1190.914
      41.238        0.000      678.957     1190.914
      41.338        0.000      678.957     1190.914
      41.439        0.000      678.957     1190.914
      41.540        0.000      678.957     1190.914
      41.641        0.000      678.957     1190.914
      41.741        0.000      678.957     1190.914
      41.842        0.000      678.957     1190.914
      41.942        0.000      678.957     1190.914
      42.043        0.000      678.957     1190.914
      42.144        0.000      678.957     1190.914
      42.245        0.000      678.957     1190.914
      42.345        0.000      678.957     1190.914
      42.446        0.000      678.957     1190.914
      42.546        0.000      678.957     1190.914
      42.647        0.000      678.957     1190.914
      42.748        0.000      678.957     1190.914
      42.848        0.000      678.957     1190.914
      42.949        0.000      678.957     1190.914
      43.051        0.000      678.957     1190.914
      43.158        0.000      678.957     1190.914
      43.259        0.000      678.957     1190.914
      43.359        0.000      678.957     1190.914
      43.460        0.000      678.957     1190.914
      43.560        0.000      678.957     1190.914
      43.661        0.000      678.957     1190.914
      43.762        0.000      678.957     1190.914
      43.862        0.000      678.957     1190.914
      43.963        0.000      678.957     1190.914
      44.064        0.000      678.957     1190.914
      44.165        0.000      678.957     1190.914
      44.265        0.000      678.957     1190.914
      44.366        0.000      678.957     1190.914
      44.467        0.000      678.957     1190.914
      44.568        0.000      678.957     1190.914
      44.671        0.000      678.957     1190.914
      44.772        0.000      678.957     1190.914
      44.873        0.000      678.957     1190.914
      44.974        0.000      678.957     1190.914
      45.075        0.000      678.957     1190.914
      45.176        0.000      678.957     1190.914
      45.276        0.000      678.957     1190.914
      45.379        0.000      678.957     1190.914
      45.496        0.000      678.957     1190.914
      45.609        0.000      678.957     1190.914
      45.718        0.000      678.957     1190.914
      45.829        0.000      678.957     1190.914
      45.941        0.000      678.957     1190.914
      46.041        0.000      678.957     1190.914
      46.142        0.000      678.957     1190.914
      46.243        0.000      678.957     1190.914
      46.343        0.000      678.957     1190.914
      46.444        0.000      678.957     1190.914
      46.544        0.000      678.957     1190.914
      46.645        0.000      678.957     1190.914
      46.746        0.000      678.957     1190.914
      46.846        0.000      678.957     1190.914
      46.947        0.000      678.957     1190.914
      47.048        0.000      678.957     1190.914
      47.150        0.000      678.957     1190.914
      47.261        0.000      678.957     1190.914
      47.368        0.000      678.957     1190.914
      47.488        0.000      678.957     1190.914
      47.588        0.000      678.957     1190.914
      47.689        0.000      678.957     1190.914
      47.790        0.000      678.957     1190.914
      47.890        0.000      678.957     1190.914
      47.991        0.000      678.957     1190.914
      48.091        0.000      678.957     1190.914
      48.192        0.000      678.957     1190.914
      48.293        0.000      678.957     1190.914
      48.393        0.000      678.957     1190.914
      48.494        0.000      678.957     1190.914
      48.594        0.000      678.957     1190.914
      48.695        0.000      678.957     1190.914
      48.796        0.000      678.957     1190.914
      48.896        0.000      678.957     1190.914
      48.997        0.000      678.957     1190.914
      49.098        0.000      678.957     1190.914
      49.198        0.000      678.957     1190.914
      49.299        0.000      678.957     1190.914
      49.399        0.000      678.957     1190.914
      49.500        0.000      678.957     1190.914
      49.600        0.000      678.957     1190.914
      49.701        0.000      678.957     1190.914
      49.801        0.000      678.957     1190.914
      49.917        0.000      678.957     1190.914
      50.032        0.000      678.957     1190.914
      50.133        0.000      678.957     1190.914
      50.234        0.000      678.957     1190.914
      50.335        0.000      678.957     1190.914
      50.435        0.000      678.957     1190.914
      50.536        0.000      678.957     1190.914
      50.636        0.000      678.957     1190.914
      50.737        0.000      678.957     1190.914
      50.837        0.000      678.957     1190.914
      50.938        0.000      678.957     1190.914
      51.039        0.000      678.957     1190.914
      51.149        0.000      678.957     1190.914
      51.255        0.000      678.918     1190.844
      51.372        0.000      678.918     1190.844
      51.473        0.000      678.918     1190.844
