# Elapsed time   CPU (%)     Real (MB)   Virtual (MB)
       0.000        0.000      655.227     1193.848
       0.101        0.000      655.227     1193.848
       0.204        0.000      655.227     1193.848
       0.304        0.000      655.227     1193.848
       0.404        0.000      655.227     1193.848
       0.504        0.000      655.227     1193.848
       0.605        0.000      655.227     1193.848
       0.705        0.000      655.227     1193.848
       0.821       14.300      655.230     1193.848
       0.936       25.000      655.230     1193.848
       1.052        0.000      655.230     1193.848
       1.152        0.000      655.230     1193.848
       1.269       28.700      655.242     1193.848
       1.391       25.000      655.242     1193.848
       1.507        0.000      655.242     1193.848
       1.607       14.300      655.242     1193.848
       1.725       71.000      623.281     1161.484
       1.839       75.000      623.309     1161.484
       1.940       50.400      623.328     1161.484
       2.049        0.000      623.328     1161.484
       2.160        0.000      623.328     1161.484
       2.272        0.000      623.328     1161.484
       2.372        0.000      623.328     1161.484
       2.473        0.000      623.328     1161.484
       2.573        0.000      623.328     1161.484
       2.674        0.000      623.328     1161.484
       2.797        0.000      623.328     1161.484
       2.920        0.000      623.328     1161.484
       3.030        0.000      623.328     1161.484
       3.133        0.000      623.328     1161.484
       3.233        0.000      623.328     1161.484
       3.334        0.000      623.328     1161.484
       3.434        0.000      623.328     1161.484
       3.535        0.000      623.328     1161.484
       3.636        0.000      623.328     1161.484
       3.736        0.000      623.293     1161.414
       3.837        0.000      623.293     1161.414
       3.937        0.000      623.293     1161.414
       4.038        0.000      623.293     1161.414
       4.139        0.000      623.293     1161.414
       4.239        0.000      623.293     1161.414
       4.342        0.000      623.293     1161.414
       4.443        0.000      623.293     1161.414
       4.544        0.000      623.293     1161.414
       4.644        0.000      623.293     1161.414
       4.745        0.000      623.293     1161.414
       4.846        0.000      623.293     1161.414
       4.946        0.000      623.293     1161.414
       5.048        0.000      623.293     1161.414
       5.157        0.000      623.293     1161.414
       5.267        0.000      623.293     1161.414
       5.372        0.000      623.293     1161.414
       5.480        0.000      623.293     1161.414
       5.582        0.000      623.293     1161.414
       5.684        0.000      623.293     1161.414
       5.797        0.000      623.293     1161.414
       5.897        0.000      623.293     1161.414
       5.998        0.000      623.293     1161.414
       6.098        0.000      623.293     1161.414
       6.203        0.000      623.293     1161.414
       6.315        0.000      623.293     1161.414
       6.422        0.000      623.293     1161.414
       6.539        0.000      623.293     1161.414
       6.654        0.000      623.293     1161.414
       6.759        0.000      623.293     1161.414
       6.872        0.000      623.293     1161.414
       6.989        0.000      623.293     1161.414
       7.095        0.000      623.293     1161.414
       7.208        0.000      623.293     1161.414
       7.321        0.000      623.293     1161.414
       7.421        0.000      623.293     1161.414
       7.522        0.000      623.293     1161.414
       7.622        0.000      623.367     1161.551
       7.723        0.000      623.367     1161.551
       7.823        0.000      623.367     1161.551
       7.924        0.000      623.367     1161.551
       8.047        0.000      623.367     1161.551
       8.154        0.000      623.367     1161.551
       8.257        0.000      623.367     1161.551
       8.357        0.000      623.367     1161.551
       8.474        0.000      623.367     1161.551
       8.574        0.000      623.367     1161.551
       8.675        0.000      623.367     1161.551
       8.775        0.000      623.367     1161.551
       8.875        0.000      623.367     1161.551
       8.978        0.000      623.367     1161.551
       9.087        0.000      623.367     1161.551
       9.187        0.000      623.367     1161.551
       9.288        0.000      623.367     1161.551
       9.388       14.300      623.367     1161.551
       9.489       16.600      623.367     1161.551
       9.590        0.000      623.367     1161.551
       9.690        0.000      623.367     1161.551
       9.806        0.000      623.367     1161.551
       9.907        0.000      623.367     1161.551
      10.007        0.000      623.367     1161.551
      10.108        0.000      623.367     1161.551
      10.209        0.000      623.367     1161.551
      10.309        0.000      623.367     1161.551
      10.409        0.000      623.367     1161.551
      10.510        0.000      623.367     1161.551
      10.612        0.000      623.367     1161.551
      10.722        0.000      623.367     1161.551
      10.835        0.000      623.367     1161.551
      10.944        0.000      623.367     1161.551
      11.046        0.000      623.367     1161.551
      11.160        0.000      623.367     1161.551
      11.277        0.000      623.367     1161.551
      11.378       43.000      623.371     1161.551
      11.508        0.000      623.375     1161.551
      11.628        0.000      623.375     1161.551
      11.748       25.000      631.898     1220.523
      11.848       99.700      658.695     1208.730
      11.968       78.100      671.305     1208.730
      12.088        0.000      671.305     1208.730
      12.198        0.000      671.305     1208.730
      12.298        0.000      671.305     1208.730
      12.398        0.000      671.305     1208.730
      12.498        0.000      671.305     1208.730
      12.618        0.000      671.305     1208.730
      12.718        0.000      671.305     1208.730
      12.838        0.000      671.305     1208.730
      12.958        0.000      671.305     1208.730
      13.078        0.000      671.305     1208.730
      13.178        0.000      671.305     1208.730
      13.298        0.000      671.305     1208.730
      13.418        0.000      671.305     1208.730
      13.518        0.000      671.305     1208.730
      13.638        0.000      671.305     1208.730
      13.758        0.000      671.305     1208.730
      13.878        0.000      671.305     1208.730
      13.978        0.000      671.305     1208.730
      14.079        0.000      671.305     1208.730
      14.198        0.000      671.305     1208.730
      14.318        0.000      671.305     1208.730
      14.435        0.000      671.305     1208.730
      14.548        0.000      671.305     1208.730
      14.648        0.000      671.305     1208.730
      14.768        0.000      671.305     1208.730
      14.873        0.000      671.305     1208.730
      14.979        0.000      671.305     1208.730
      15.098        0.000      671.305     1208.730
      15.218        0.000      671.305     1208.730
      15.338        0.000      671.305     1208.730
      15.458        0.000      671.305     1208.730
      15.558        0.000      671.305     1208.730
      15.678        0.000      671.305     1208.730
      15.778        0.000      671.305     1208.730
      15.898        0.000      671.305     1208.730
      15.998        0.000      671.305     1208.730
      16.118        0.000      671.305     1208.730
      16.238        0.000      671.305     1208.730
      16.353        0.000      671.305     1208.730
      16.458        0.000      671.305     1208.730
      16.578        0.000      671.305     1208.730
      16.698       12.500      671.320     1208.695
      16.818        0.000      671.320     1208.695
      16.918        0.000      671.320     1208.695
      17.038        0.000      671.320     1208.695
      17.158        0.000      671.320     1208.695
      17.258        0.000      671.320     1208.695
      17.378        0.000      671.320     1208.695
      17.498        0.000      671.320     1208.695
      17.598        0.000      671.320     1208.695
      17.718       12.500      671.320     1208.695
      17.818        0.000      671.320     1208.695
      17.938        0.000      671.320     1208.695
      18.058        0.000      671.320     1208.695
      18.178        0.000      671.320     1208.695
      18.298        0.000      671.320     1208.695
      18.408        0.000      671.320     1208.695
      18.508        0.000      671.320     1208.695
      18.629        0.000      671.320     1208.695
      18.748        0.000      671.320     1208.695
      18.868        0.000      671.320     1208.695
      18.988        0.000      671.320     1208.695
      19.108        0.000      671.320     1208.695
      19.228        0.000      671.320     1208.695
      19.348        0.000      671.320     1208.695
      19.468        0.000      671.320     1208.695
      19.588        0.000      671.320     1208.695
      19.708        0.000      671.320     1208.695
      19.808        0.000      671.320     1208.695
      19.908        0.000      671.320     1208.695
      20.028        0.000      671.320     1208.695
      20.148        0.000      671.320     1208.695
      20.268        0.000      671.320     1208.695
      20.368        0.000      671.320     1208.695
      20.488        0.000      671.320     1208.695
      20.598        0.000      671.320     1208.695
      20.718        0.000      671.320     1208.695
      20.838        0.000      671.320     1208.695
      20.938        0.000      671.320     1208.695
      21.058        0.000      671.320     1208.695
      21.178        0.000      671.320     1208.695
      21.278        0.000      671.320     1208.695
      21.398        0.000      671.320     1208.695
      21.518        0.000      671.320     1208.695
      21.638        0.000      671.320     1208.695
      21.738        0.000      671.320     1208.695
      21.855        0.000      671.320     1208.695
      21.978       37.500      673.391     1253.051
      22.098       99.400      704.266     1253.051
      22.218      100.000      687.348     1253.051
      22.338      100.000      693.305     1254.938
      22.438      201.600      725.004     1998.578
      22.553      337.500      766.867     1998.578
      22.673      383.500      793.129     1998.578
      22.788      358.400      830.695     1998.578
      22.898      315.400      865.496     1998.578
      23.018      350.000      908.895     1998.578
      23.137      337.500      910.832     1998.578
      23.257      350.000      925.797     1998.578
      23.378      337.500      943.066     1998.578
      23.498      312.500      975.488     1998.578
      23.618      401.400     1021.129     1998.578
      23.723      400.000     1054.707     1998.578
      23.843      326.700     1097.289     1998.578
      23.962      350.000     1118.441     1998.578
      24.078      344.000     1154.320     1998.578
      24.193      350.000     1194.672     1998.578
      24.318      358.400     1222.480     1998.578
      24.433      312.500     1238.199     1998.578
      24.558      337.500     1261.418     1998.578
      24.678      369.300     1290.656     1998.578
      24.798      337.500     1290.680     1998.578
      24.898      372.700     1302.855     1998.578
      25.018      329.700     1330.438     1998.578
      25.138      362.500     1330.438     1998.578
      25.258      300.000     1425.020     1998.578
      25.378      375.000     1425.020     1998.578
      25.498      340.900     1428.758     1998.578
      25.618      401.400     1428.758     1998.578
      25.738      400.000     1428.758     1998.578
      25.855      325.000     1368.414     1906.812
      25.973      400.000     1368.414     1906.812
      26.098      156.200      828.109     1899.164
      26.218      100.000      700.348     1254.945
      26.338      100.000      707.449     1254.945
      26.458      100.300      711.176     1254.945
      26.568      129.000      683.977     1244.570
      26.678      142.000      727.797     2000.473
      26.788      358.400      771.348     2000.473
      26.898      401.400      812.895     2000.473
      26.998      369.300      843.637     2000.473
      27.118      286.700      868.371     2000.473
      27.218      340.900      911.688     2000.473
      27.338      337.500      913.625     2000.473
      27.458      337.500      928.590     2000.473
      27.578      372.700      961.000     2000.473
      27.698      400.000      995.750     2000.473
      27.818      400.000     1030.883     2000.473
      27.938      401.400     1068.312     2000.473
      28.058      325.000     1100.066     2000.473
      28.178      397.700     1138.344     2000.473
      28.278      401.400     1170.141     2000.473
      28.398      401.400     1201.984     2000.473
      28.518      262.500     1225.258     2000.473
      28.638      325.000     1244.559     2000.473
      28.758      325.000     1264.195     2000.473
      28.877      355.100     1293.434     2000.473
      28.978      358.400     1293.457     2000.473
      29.098      326.700     1305.633     2000.473
      29.218      350.000     1333.215     2000.473
      29.323      358.400     1333.215     2000.473
      29.442      287.500     1427.797     2000.473
      29.558      358.400     1427.797     2000.473
      29.678      375.000     1431.535     2000.473
      29.798      337.500     1431.535     2000.473
      29.923      400.000     1431.535     2000.473
      30.048      340.900     1370.363     1908.707
      30.158      401.400     1370.363     1908.707
      30.278      100.000      678.320     1215.316
      30.398      100.300      707.648     1255.891
      30.508      100.000      711.293     1255.891
      30.623       99.400      708.457     1256.832
      30.738      100.300      717.410     2000.473
      30.838      355.100      762.219     2000.473
      30.958      400.000      802.094     2000.473
      31.073      401.400      838.703     2000.473
      31.178      372.700      868.371     2000.473
      31.288      349.100      911.688     2000.473
      31.408      354.600      913.625     2000.473
      31.538      337.500      928.590     2000.473
      31.658      362.500      967.094     2000.473
      31.778      372.700     1001.895     2000.473
      31.898      401.400     1038.883     2000.473
      32.013      362.500     1083.844     2000.473
      32.138      337.500     1111.414     2000.473
      32.238      398.900     1153.578     2000.473
      32.358      400.000     1185.789     2000.473
      32.478      387.500     1209.672     2000.473
      32.598      326.700     1240.977     2000.473
      32.718      287.500     1264.215     2000.473
      32.838      262.500     1284.355     2000.473
      32.958      375.000     1293.457     2000.473
      33.078      358.400     1298.887     2000.473
      33.178      315.400     1312.359     2000.473
      33.298      369.300     1333.234     2000.473
      33.418      312.500     1375.000     2000.473
      33.537      358.400     1427.816     2000.473
      33.648      358.400     1429.281     2000.473
      33.758      362.500     1431.555     2000.473
      33.878      400.000     1431.555     2000.473
      33.998      397.700     1431.555     2000.473
      34.098      349.100     1370.383     1908.707
      34.198      401.400     1370.383     1908.707
      34.318      143.300      678.340     1215.316
      34.423       99.400      707.332     1255.891
      34.538      100.000      710.840     1255.891
      34.653      100.300      708.523     1256.832
      34.758       99.700      696.527     1275.809
      34.873      325.000      749.023     2000.473
      34.978      401.400      784.023     2000.473
      35.098      397.700      826.902     2000.473
      35.198      286.700      868.355     2000.473
      35.318      358.400      911.754     2000.473
      35.428      397.700      913.691     2000.473
      35.543      350.000      928.656     2000.473
      35.658      375.000      941.070     2000.473
      35.778      401.400      978.324     2000.473
      35.898      400.000     1019.984     2000.473
      36.018      329.700     1051.961     2000.473
      36.138      325.000     1100.133     2000.473
      36.248      397.700     1114.695     2000.473
      36.358      344.000     1153.645     2000.473
      36.468      397.700     1189.895     2000.473
      36.578      358.400     1222.270     2000.473
      36.698      375.000     1241.043     2000.473
      36.818      337.500     1264.262     2000.473
      36.938      325.000     1293.375     2000.473
      37.058      358.400     1293.523     2000.473
      37.178      355.100     1305.699     2000.473
      37.288      358.400     1333.281     2000.473
      37.397      312.500     1333.281     2000.473
      37.518      287.500     1427.863     2000.473
      37.638      358.400     1427.863     2000.473
      37.758      325.000     1431.602     2000.473
      37.878      400.000     1431.602     2000.473
      37.998      397.700     1431.602     2000.473
      38.118      358.400     1370.430     1908.707
      38.218      397.700     1370.430     1908.707
      38.333      186.400      790.949     1901.059
      38.448      100.000      706.719     1255.891
      38.558      100.300      710.012     1255.891
      38.658       99.700      684.055     1244.570
      38.778      100.000      715.488     1264.480
      38.893      272.400      745.352     2000.473
      39.018      400.000      788.984     2000.473
      39.128      340.900      826.770     2000.473
      39.238      287.500      868.367     2000.473
      39.358      358.400      911.766     2000.473
      39.478      325.000      913.703     2000.473
      39.578      284.100      928.668     2000.473
      39.698      401.400      939.906     2000.473
      39.798      382.300      974.742     2000.473
      39.918      400.000     1015.359     2000.473
      40.028      358.400     1043.645     2000.473
      40.148      329.700     1091.055     2000.473
      40.258      312.500     1115.039     2000.473
      40.373      300.000     1155.480     2000.473
      40.488      325.000     1197.527     2000.473
      40.603      315.400     1225.336     2000.473
      40.708      284.100     1241.055     2000.473
      40.818      285.600     1264.273     2000.473
      40.918      326.700     1289.523     2000.473
      41.038      401.400     1293.512     2000.473
      41.153      362.500     1293.535     2000.473
      41.267      301.000     1305.711     2000.473
      41.373      326.700     1333.293     2000.473
      41.488      400.000     1333.293     2000.473
      41.608      272.400     1427.875     2000.473
      41.728      325.000     1427.875     2000.473
      41.838      355.100     1431.613     2000.473
      41.958      400.000     1431.613     2000.473
      42.074      387.000     1431.613     2000.473
      42.198      362.500     1370.441     1908.707
      42.318      387.500     1370.441     1908.707
      42.438      143.300      678.406     1215.316
      42.558      100.000      707.695     1255.891
      42.675       99.400      711.238     1255.891
      42.793      100.000      709.484     1257.781
      42.898      100.800      712.480     1276.758
      43.018      325.000      763.246     2001.422
      43.137      337.500      811.641     2001.422
      43.268      365.700      847.410     2001.422
      43.388      286.700      874.488     2001.422
      43.503      355.100      912.871     2001.422
      43.618      387.500      914.652     2001.422
      43.738      275.000      929.617     2001.422
      43.853      358.400      949.219     2001.422
      43.963      383.500      975.691     2001.422
      44.068      403.200     1011.969     2001.422
      44.176      312.500     1039.910     2001.422
      44.298      362.500     1084.871     2001.422
      44.398      369.600     1102.188     2001.422
      44.518      362.500     1154.605     2001.422
      44.633      369.300     1179.367     2001.422
      44.748      400.000     1210.699     2001.422
      44.858      344.000     1232.500     2001.422
      44.973      362.500     1242.004     2001.422
      45.098      269.900     1265.223     2001.422
      45.218      325.000     1294.461     2001.422
      45.333      300.000     1294.484     2001.422
      45.448      329.700     1294.484     2001.422
      45.558      358.400     1306.656     2001.422
      45.683      362.500     1334.238     2001.422
      45.798      369.300     1334.238     2001.422
      45.898      319.200     1349.000     2001.422
      46.018      250.000     1428.820     2001.422
      46.118      349.100     1428.820     2001.422
      46.238      332.400     1432.559     2001.422
      46.353      358.400     1432.559     2001.422
      46.463      397.700     1432.559     2001.422
      46.578      401.400     1432.559     2001.422
      46.698      362.500     1371.387     1909.656
      46.818      275.000     1179.816     1902.008
      46.938      100.300      680.289     1221.930
      47.053      100.000      708.727     1256.777
      47.168       99.400      712.734     1256.711
      47.283      100.300      709.406     1257.652
      47.398      100.000      717.043     1956.707
      47.518      401.400      763.168     2001.293
      47.638      400.000      801.250     2001.293
      47.758      326.700      839.652     2001.293
      47.868      358.400      869.238     2001.293
      47.982      325.000      907.191     2001.293
      48.098      340.900      914.574     2001.293
      48.218      337.500      929.539     2001.293
      48.318      369.600      929.539     2001.293
      48.433      400.000      968.043     2001.293
      48.538      398.900      991.570     2001.293
      48.658      387.500     1024.871     2001.293
      48.778      362.500     1058.434     2001.293
      48.898      312.500     1101.016     2001.293
      49.018      372.700     1119.762     2001.293
      49.138      398.900     1156.023     2001.293
      49.258      387.000     1198.398     2001.293
      49.378      397.700     1226.207     2001.293
      49.488      325.000     1241.926     2001.293
      49.608      358.400     1265.145     2001.293
      49.718      300.000     1265.145     2001.293
      49.838      355.100     1294.383     2001.293
      49.953      344.000     1294.406     2001.293
      50.078      350.000     1306.582     2001.293
      50.198      312.500     1334.164     2001.293
      50.318      387.000     1334.164     2001.293
      50.418      312.500     1370.000     2001.293
      50.538      325.000     1428.746     2001.293
      50.658      358.400     1428.746     2001.293
      50.768      362.500     1432.484     2001.293
      50.882      401.400     1432.484     2001.293
      50.998      397.700     1432.484     2001.293
      51.118      350.000     1371.312     1909.527
      51.238      401.400     1371.312     1909.527
      51.358      250.000     1001.484     1901.879
      51.478      100.000      700.984     1256.711
      51.593       99.400      709.602     1256.711
      51.708      100.300      699.000     1256.711
      51.818      100.300      696.109     1245.391
      51.933      212.500      735.445     2001.293
      52.048      369.300      774.504     2001.293
      52.158      401.400      813.844     2001.293
      52.268      301.000      847.332     2001.293
      52.383      300.000      869.320     2001.293
      52.498      326.700      912.637     2001.293
      52.618      375.000      914.574     2001.293
      52.738      358.400      929.539     2001.293
      52.838      397.700      948.750     2001.293
      52.938      336.000      975.613     2001.293
      53.058      362.500     1011.082     2001.293
      53.178      387.500     1039.832     2001.293
      53.298      355.100     1084.793     2001.293
      53.398      252.000     1101.016     2001.293
      53.518      362.500     1133.965     2001.293
      53.618      312.500     1161.754     2001.293
      53.738      301.000     1198.398     2001.293
      53.843      298.300     1226.207     2001.293
      53.958      358.400     1241.926     2001.293
      54.078      325.000     1265.145     2001.293
      54.198      325.000     1276.512     2001.293
      54.313      315.400     1294.383     2001.293
      54.433      362.500     1294.406     2001.293
      54.558      350.000     1306.582     2001.293
      54.678      325.000     1334.164     2001.293
      54.808      337.500     1334.164     2001.293
      54.918      269.900     1428.746     2001.293
      55.038      362.500     1428.746     2001.293
      55.158      344.000     1432.484     2001.293
      55.278      362.500     1432.484     2001.293
      55.378      401.400     1432.484     2001.293
      55.498      397.700     1432.484     2001.293
      55.618      325.000     1371.312     1909.527
      55.738      315.400     1105.148     1901.879
      55.858      150.000      679.293     1216.137
      55.968       28.400      679.312     1216.137
      56.088        0.000      679.312     1216.137
      56.208        0.000      679.312     1216.137
      56.328        0.000      679.312     1216.137
      56.449        0.000      679.312     1216.137
      56.568        0.000      679.312     1216.137
      56.688        0.000      679.312     1216.137
      56.808        0.000      679.312     1216.137
      56.928        0.000      679.312     1216.137
      57.049        0.000      679.312     1216.137
      57.168        0.000      679.312     1216.137
      57.288        0.000      679.312     1216.137
      57.408        0.000      679.312     1216.137
      57.509        0.000      679.312     1216.137
      57.628        0.000      679.312     1216.137
      57.748        0.000      679.312     1216.137
      57.868        0.000      679.312     1216.137
