# Elapsed time   CPU (%)     Real (MB)   Virtual (MB)
       0.000        0.000      988.000     1109.641
       0.210        0.000      988.000     1109.641
       0.421       23.100      988.152     1109.734
       0.640       21.400      988.289     1109.859
       0.860        7.100      988.289     1109.859
       1.061        7.700      988.289     1109.859
       1.280        0.000      988.289     1109.859
       1.480        0.000      988.289     1109.859
       1.695       14.300      988.289     1109.859
       1.910      230.900      977.082     1113.309
       2.128      114.200     1021.184     1153.961
       2.344      107.500     1032.914     1899.684
       2.556      378.100     1153.395     1899.684
       2.769      354.100     1228.316     1899.684
       2.980      356.700     1297.145     1899.684
       3.186      400.200     1401.492     1899.684
       3.390      377.200     1495.871     1899.684
       3.607      371.000     1562.684     1899.684
       3.830      363.900     1608.113     1899.621
       4.050      336.900     1647.871     1899.621
       4.250      306.400     1743.918     1899.621
       4.470      401.400     1746.195     1899.621
       4.670      284.800      992.980     1114.457
       4.890       99.900     1010.852     1144.660
       5.106      328.200     1131.445     1900.695
       5.330      328.200     1227.641     1900.695
       5.530      361.800     1266.254     1900.695
       5.750      399.500     1373.215     1900.695
       5.950      369.500     1469.309     1900.695
       6.170      379.900     1556.707     1900.695
       6.390      371.000     1609.164     1900.695
       6.610      378.100     1648.945     1900.695
       6.825      356.700     1743.527     1900.695
       7.030      354.100     1747.266     1900.695
       7.230      377.200     1459.824     1801.277
       7.448       99.900     1003.953     1144.789
       7.670      272.400     1096.852     1900.695
       7.887      385.300     1187.105     1900.695
       8.095      292.500     1244.328     1900.695
       8.300      400.200     1335.656     1900.695
       8.510      349.600     1418.707     1900.695
       8.720      377.200     1525.410     1900.695
       8.925      323.300     1579.934     1900.695
       9.140      335.300     1621.371     1900.695
       9.350      369.500     1692.906     1900.695
       9.570      379.000     1747.273     1900.695
       9.790      358.400     1686.102     1808.930
      10.000      191.500     1023.387     1156.105
      10.210      121.800     1040.102     1900.695
      10.420      354.100     1154.441     1900.695
      10.635      292.500     1229.363     1900.695
      10.840      361.800     1291.234     1900.695
      11.050      400.200     1399.582     1900.695
      11.265      392.400     1483.148     1900.695
      11.470      300.200     1556.715     1900.695
      11.670      315.600     1609.172     1900.695
      11.885      321.100     1648.953     1900.695
      12.100      354.100     1743.535     1900.695
      12.310      378.100     1747.273     1900.695
      12.525      378.100     1686.102     1808.930
      12.730      123.200     1026.328     1156.105
      12.950      185.500     1075.918     1901.641
      13.155      400.200     1184.969     1901.641
      13.370      321.100     1245.270     1901.641
      13.590      365.500     1329.391     1901.641
      13.805      342.500     1420.137     1901.641
      14.010      361.800     1518.664     1901.641
      14.230      328.200     1580.875     1901.641
      14.450      342.500     1622.312     1901.641
      14.670      322.500     1744.477     1901.641
      14.885      378.100     1748.215     1901.641
      15.110      378.100     1687.043     1809.875
      15.325       99.900     1028.398     1157.051
      15.530      192.400     1078.898     1901.641
      15.735      377.200     1184.969     1901.641
      15.950      356.700     1245.270     1901.641
      16.170      358.400     1327.992     1901.641
      16.390      378.100     1424.914     1901.641
      16.610      363.900     1526.352     1901.641
      16.810      338.700     1580.875     1901.641
      17.030      321.100     1622.312     1901.641
      17.250      264.000     1722.449     1901.641
      17.454      315.600     1748.215     1901.641
      17.660      392.500     1687.051     1809.875
      17.860      215.500     1023.613     1157.051
      18.070       99.900     1024.438     1176.977
      18.275      400.200     1132.402     1901.641
      18.485      346.400     1228.375     1901.641
      18.685      392.500     1255.742     1901.641
      18.886      400.200     1350.953     1901.641
      19.086      361.800     1441.062     1901.641
      19.305      313.900     1541.945     1901.641
      19.530      321.100     1610.121     1901.641
      19.730      377.200     1645.836     1901.641
      19.940      323.300     1744.484     1901.641
      20.140      354.100     1748.223     1901.641
      20.360      378.100     1687.051     1809.875
      20.560      169.300     1025.180     1157.051
      20.770      153.900     1055.832     1901.641
      20.988      399.500     1172.984     1901.641
      21.209      367.300     1235.617     1901.641
      21.410      382.300     1300.875     1901.609
      21.615      400.200     1400.512     1901.609
      21.820      356.700     1488.922     1901.609
      22.030      377.200     1557.645     1901.609
      22.235      331.000     1610.102     1901.609
      22.450      371.000     1649.883     1901.609
      22.670      293.900     1744.465     1901.609
      22.890      342.500     1748.172     1901.609
      23.110      399.500     1687.000     1809.844
      23.310      238.600     1018.242     1157.020
      23.515      100.100     1000.609     1122.113
      23.720      284.800     1105.645     1901.609
      23.930      356.700     1185.008     1901.609
      24.149      299.700     1245.227     1901.609
      24.370      363.900     1313.520     1901.609
      24.590      401.400     1400.480     1901.609
      24.800      377.200     1471.711     1901.609
      25.005      352.300     1541.895     1901.609
      25.209      354.100     1586.535     1901.609
      25.410      361.800     1622.270     1901.609
      25.610      346.400     1649.852     1901.609
      25.830      313.900     1744.434     1901.609
      26.030      377.200     1748.172     1901.609
      26.237      400.200     1687.000     1809.844
      26.450      142.700     1025.758     1157.020
      26.670      143.300     1052.047     1901.609
      26.876      383.000     1143.473     1901.609
      27.080      292.500     1228.426     1901.609
      27.300      365.500     1269.793     1901.609
      27.510      399.500     1349.734     1901.609
      27.730      378.100     1428.051     1901.609
      27.930      377.200     1514.086     1901.609
      28.135      292.500     1568.184     1901.609
      28.350      323.300     1610.074     1901.609
      28.555      321.100     1649.836     1901.609
      28.770      331.000     1744.418     1901.609
      28.989      398.900     1748.156     1901.609
      29.204      377.200     1686.988     1809.844
      29.410      215.500     1023.266     1157.020
      29.610      100.100     1011.012     1145.703
      29.814      307.900     1116.578     1901.609
      30.020      346.400     1222.867     1901.609
      30.230      356.700     1245.215     1901.609
      30.445      399.500     1320.508     1901.609
      30.650      338.700     1400.469     1901.609
      30.850      350.900     1474.016     1901.609
      31.054      378.100     1557.602     1901.609
      31.268      354.100     1610.059     1901.609
      31.485      349.600     1622.258     1901.609
      31.695      342.500     1649.840     1901.609
      31.895      325.900     1744.465     1901.680
      32.110      399.500     1748.207     1901.680
      32.310      307.900     1479.160     1802.262
      32.510       69.300      995.109     1116.578
      32.720       84.700      996.961     1118.676
      32.940        0.000      996.961     1118.676
      33.160        7.700      996.961     1118.676
      33.380        0.000      996.961     1118.676
      33.600        6.700      996.961     1118.676
      33.801        0.000      996.961     1118.676
      34.001        0.000      996.961     1118.676
      34.220        0.000      996.961     1118.676
      34.441        0.000      996.961     1118.676
      34.660        7.700      996.977     1118.676
      34.861        0.000      996.996     1118.676
      35.070        7.100      997.184     1118.766
      35.290        0.000      997.184     1118.766
      35.494        0.000      997.184     1118.766
      35.700        0.000      997.180     1118.766
      35.920        0.000      997.184     1118.766
      36.140        7.100      997.184     1118.766
      36.360        0.000      997.184     1118.766
      36.580        0.000      997.184     1118.766
      36.780        0.000      997.184     1118.766
      37.000        0.000      997.184     1118.766
      37.200        0.000      997.184     1118.766
