# Elapsed time   CPU (%)     Real (MB)   Virtual (MB)
       0.000        0.000      979.793     1102.145
       0.220        0.000      979.793     1102.145
       0.439       14.300      979.836     1102.211
       0.659        0.000      980.344     1102.711
       0.880       49.900      980.977     1103.230
       1.080        7.700      980.977     1103.230
       1.295       28.500      981.074     1103.387
       1.509       15.400      981.102     1103.449
       1.719      135.600      961.371     1100.527
       1.919      123.200      978.961     1100.562
       2.139      114.200      993.344     1134.285
       2.359      342.500     1118.355     1890.414
       2.559      354.100     1217.148     1890.414
       2.779      336.900     1240.004     1890.414
       2.999      335.300     1339.727     1890.414
       3.204      361.800     1433.164     1890.414
       3.414      346.400     1530.719     1890.414
       3.619      337.000     1569.621     1890.352
       3.824      336.900     1611.059     1890.352
       4.039      346.400     1715.520     1890.352
       4.239      367.600     1734.762     1890.410
       4.459      401.400     1737.035     1890.410
       4.679      342.500     1088.352     1790.988
       4.899      135.600     1021.258     1154.227
       5.099      261.700     1092.395     1897.871
       5.308      363.900     1181.172     1897.871
       5.514      346.400     1241.391     1897.871
       5.724      384.900     1322.934     1897.871
       5.939      385.300     1412.867     1897.871
       6.159      365.500     1522.473     1897.871
       6.379      356.700     1576.996     1897.871
       6.599      349.600     1618.434     1897.871
       6.809      335.300     1735.816     1897.871
       7.019      354.100     1744.336     1897.871
       7.219      400.200     1683.164     1806.105
       7.429      192.400     1020.660     1153.281
       7.639      142.700     1044.410     1897.871
       7.859      399.500     1157.723     1897.871
       8.074      358.400     1226.426     1897.871
       8.279      346.400     1300.301     1897.871
       8.499      378.100     1412.867     1897.871
       8.714      361.800     1510.250     1897.871
       8.919      363.900     1576.996     1897.871
       9.129      354.100     1606.258     1897.871
       9.339      369.500     1646.016     1897.871
       9.559      319.100     1744.336     1897.871
       9.779      401.400     1683.164     1806.105
       9.979      237.400     1005.047     1153.281
      10.204      100.300     1009.051     1173.207
      10.410      377.200     1139.160     1897.871
      10.619      344.700     1226.426     1897.871
      10.834      372.700     1287.465     1897.871
      11.039      377.200     1384.117     1897.871
      11.249      356.700     1477.383     1897.871
      11.464      361.800     1553.777     1897.871
      11.669      385.300     1606.238     1897.871
      11.879      346.400     1646.016     1897.871
      12.099      306.800     1740.598     1897.871
      12.299      400.200     1744.336     1897.871
      12.519      378.100     1584.961     1798.449
      12.739       99.900     1002.133     1141.961
      12.954      272.400     1095.531     1898.816
      13.169      342.500     1204.453     1898.816
      13.384      385.300     1242.332     1898.816
      13.594      384.900     1348.008     1898.816
      13.809      342.500     1448.453     1898.816
      14.019      354.100     1539.000     1898.816
      14.219      346.400     1607.051     1898.816
      14.429      371.000     1619.375     1898.816
      14.649      292.500     1741.539     1898.816
      14.859      371.000     1745.277     1898.816
      15.064      377.200     1684.105     1807.051
      15.279      164.900     1023.422     1154.227
      15.484      137.900     1052.895     1898.816
      15.699      372.700     1160.133     1898.816
      15.909      315.600     1227.375     1898.816
      16.129      349.600     1305.961     1898.816
      16.339      371.000     1397.594     1898.816
      16.539      384.400     1480.328     1898.816
      16.754      371.000     1554.727     1898.816
      16.964      284.800     1607.184     1898.816
      17.164      315.600     1646.965     1898.816
      17.369      342.500     1741.547     1898.816
      17.579      400.200     1745.285     1898.816
      17.799      378.100     1528.340     1799.395
      17.999      100.100     1026.086     1154.227
      18.199      184.700     1085.098     1898.816
      18.404      346.400     1182.039     1898.816
      18.619      299.700     1242.340     1898.816
      18.834      400.200     1324.059     1898.816
      19.034      400.200     1413.816     1898.816
      19.254      371.000     1523.422     1898.816
      19.459      323.300     1577.945     1898.816
      19.679      378.100     1607.207     1898.816
      19.884      323.300     1646.965     1898.816
      20.099      299.700     1743.012     1898.816
      20.309      399.500     1745.285     1898.816
      20.524      284.800      992.070     1113.652
      20.739       99.900      997.727     1142.906
      20.959      315.400     1122.738     1898.816
      21.169      363.900     1225.438     1898.816
      21.379      384.900     1242.340     1898.816
      21.599      399.500     1337.672     1898.816
      21.819      378.100     1413.816     1898.816
      22.019      384.900     1499.539     1898.816
      22.219      331.000     1554.727     1898.816
      22.439      335.300     1607.184     1898.816
      22.654      322.500     1619.383     1898.816
      22.859      298.700     1725.270     1898.727
      23.069      377.200     1745.234     1898.727
      23.279      394.200     1745.234     1898.727
      23.499      271.100      992.020     1113.562
      23.709      100.100     1022.156     1155.082
      23.919      271.100     1085.047     1898.727
      24.139      342.500     1181.988     1898.727
      24.344      361.800     1227.324     1898.727
      24.559      356.700     1293.000     1898.727
      24.779      401.400     1381.707     1898.727
      24.999      378.100     1465.109     1898.727
      25.214      335.300     1538.957     1898.727
      25.428      361.800     1584.742     1898.727
      25.639      328.200     1619.332     1898.727
      25.844      377.200     1646.914     1898.727
      26.059      335.300     1742.961     1898.727
      26.279      401.400     1745.234     1898.727
      26.484      329.400     1199.156     1799.305
      26.694      100.100      997.676     1142.816
      26.899      215.500     1075.918     1898.727
      27.099      369.500     1160.082     1898.727
      27.319      360.600     1227.324     1898.727
      27.528      369.500     1288.363     1898.727
      27.734      375.300     1363.590     1898.727
      27.949      387.000     1448.410     1898.727
      28.159      400.200     1538.957     1898.727
      28.359      375.300     1577.895     1898.727
      28.564      377.200     1607.156     1898.727
      28.779      351.200     1646.914     1898.727
      28.989      292.500     1741.496     1898.727
      29.219      363.900     1745.234     1898.727
      29.449      400.600     1745.234     1898.727
      29.659      346.400     1644.605     1799.305
      29.869       99.600     1021.348     1154.137
      30.084      100.300     1022.156     1155.082
      30.289      192.400     1063.832     1898.727
      30.499      378.100     1134.688     1898.727
      30.719      371.000     1190.273     1898.727
      30.939      363.900     1227.324     1898.727
      31.159      379.900     1274.699     1898.727
      31.369      367.600     1337.621     1898.727
      31.589      372.700     1397.543     1898.727
      31.799      349.600     1446.617     1898.727
      31.999      346.400     1499.488     1898.727
      32.209      307.900     1538.957     1898.727
      32.419      335.300     1577.895     1898.727
      32.619      307.900     1607.156     1898.727
      32.839      338.700     1635.512     1898.727
      33.059      292.600     1698.094     1898.727
      33.279      379.900     1742.961     1898.727
      33.499      399.500     1745.215     1898.695
      33.709      400.200     1647.562     1799.273
      33.919       64.200      992.316     1113.688
      34.135       38.500      993.254     1114.176
      34.350        0.000      993.254     1114.176
      34.569        0.000      993.254     1114.176
      34.790        0.000      993.254     1114.176
      35.009        0.000      993.254     1114.176
      35.210        0.000      993.254     1114.176
      35.430        0.000      993.254     1114.176
      35.650        0.000      993.254     1114.176
      35.869        0.000      993.254     1114.176
      36.080        0.000      993.254     1114.176
      36.299        0.000      993.254     1114.176
      36.500        0.000      993.254     1114.176
      36.719        0.000      993.254     1114.176
      36.940        0.000      993.254     1114.176
      37.160        0.000      993.254     1114.176
      37.380        0.000      993.254     1114.176
      37.600        0.000      993.254     1114.176
      37.800        0.000      993.254     1114.176
      38.019        0.000      993.254     1114.176
      38.219        0.000      993.254     1114.176
      38.439        0.000      993.254     1114.176
      38.660        0.000      993.254     1114.176
      38.880        0.000      993.254     1114.176
      39.100        0.000      993.254     1114.176
      39.320        0.000      993.254     1114.176
      39.540        0.000      993.254     1114.176
      39.760        0.000      993.254     1114.176
      39.980        0.000      993.254     1114.176
      40.200        0.000      993.254     1114.176
      40.420        0.000      993.254     1114.176
      40.640        0.000      993.254     1114.176
      40.860        0.000      993.254     1114.176
