# Elapsed time   CPU (%)     Real (MB)   Virtual (MB)
       0.004        0.000      640.051     1060.359
       0.009        0.000      640.051     1060.359
       0.015        0.000      640.051     1060.359
       0.019        0.000      640.051     1060.359
       0.025        0.000      640.051     1060.359
       0.030        0.000      640.051     1060.359
       0.035        0.000      640.051     1060.359
       0.037        0.000      640.051     1060.359
       0.045        0.000      640.047     1060.359
       0.051        0.000      640.047     1060.359
       0.055        0.000      640.047     1060.359
       0.055        0.000      640.047     1060.359
       0.065        0.000      640.047     1060.359
       0.068        0.000      640.047     1060.359
       0.075        0.000      640.047     1060.359
       0.079        0.000      640.051     1060.359
       0.085        0.000      640.051     1060.359
       0.089        0.000      640.051     1060.359
       0.095        0.000      640.051     1060.359
       0.099        0.000      640.051     1060.359
       0.105        0.000      640.051     1060.359
       0.107        0.000      640.051     1060.359
       0.114        0.000      640.051     1060.359
       0.120        0.000      640.051     1060.359
       0.125        0.000      640.051     1060.359
       0.125        0.000      640.051     1060.359
       0.135        0.000      640.051     1060.359
       0.139        0.000      640.051     1060.359
       0.145        0.000      640.051     1060.359
       0.145        0.000      640.051     1060.359
       0.145        0.000      640.051     1060.359
       0.159        0.000      640.051     1060.359
       0.165        0.000      640.051     1060.359
       0.165        0.000      640.051     1060.359
       0.175        0.000      640.051     1060.359
       0.179        0.000      640.051     1060.359
       0.184        0.000      640.051     1060.359
       0.184        0.000      640.051     1060.359
       0.196        0.000      640.051     1060.359
       0.198        0.000      640.051     1060.359
       0.205        0.000      640.051     1060.359
       0.205        0.000      640.051     1060.359
       0.218        0.000      640.051     1060.359
       0.225        0.000      640.051     1060.359
       0.233        0.000      640.051     1060.359
       0.238        0.000      640.051     1060.359
       0.238        0.000      640.051     1060.359
       0.245        0.000      640.051     1060.359
       0.254        0.000      640.051     1060.359
       0.259        0.000      640.051     1060.359
       0.265        0.000      640.051     1060.359
       0.265        0.000      640.051     1060.359
       0.275        0.000      640.051     1060.359
       0.278        0.000      640.051     1060.359
       0.285        0.000      640.051     1060.359
       0.285        0.000      640.051     1060.359
       0.297        0.000      640.051     1060.359
       0.298        0.000      640.051     1060.359
       0.304        0.000      640.051     1060.359
       0.304        0.000      640.051     1060.359
       0.319        0.000      640.051     1060.359
       0.325        0.000      640.051     1060.359
       0.325        0.000      640.051     1060.359
       0.335        0.000      640.051     1060.359
       0.335        0.000      640.051     1060.359
       0.345        0.000      640.051     1060.359
       0.345        0.000      640.051     1060.359
       0.358        0.000      640.051     1060.359
       0.358        0.000      640.051     1060.359
       0.365        0.000      640.051     1060.359
       0.365        0.000      640.051     1060.359
       0.379        0.000      640.051     1060.359
       0.385        0.000      640.051     1060.359
       0.385        0.000      640.051     1060.359
       0.395        0.000      640.051     1060.359
       0.397       97.700      640.051     1060.359
       0.414        0.000      640.051     1060.359
       0.420        0.000      640.051     1060.359
       0.426        0.000      640.051     1060.359
       0.434      104.200      640.051     1060.359
       0.444       97.700      640.051     1060.359
       0.452        0.000      640.051     1060.359
       0.458        0.000      640.051     1060.359
       0.465        0.000      640.051     1060.359
       0.465      104.200      640.051     1060.359
       0.478        0.000      640.051     1060.359
       0.482        0.000      640.051     1060.359
       0.485        0.000      640.051     1060.359
       0.487        0.000      640.051     1060.359
       0.487        0.000      640.051     1060.359
       0.499        0.000      640.086     1060.359
       0.504        0.000      640.090     1060.359
       0.508      208.300      640.094     1060.359
       0.513        0.000      640.215     1060.422
       0.522        0.000      640.215     1060.422
       0.526       97.700      640.215     1060.422
       0.531        0.000      640.215     1060.422
       0.534        0.000      640.215     1060.422
       0.538        0.000      640.215     1060.422
       0.538        0.000      640.215     1060.422
       0.546        0.000      640.215     1060.422
       0.546        0.000      640.215     1060.422
       0.546        0.000      640.215     1060.422
       0.557        0.000      640.215     1060.422
       0.561        0.000      640.215     1060.422
       0.565        0.000      640.215     1060.422
       0.565        0.000      640.215     1060.422
       0.565        0.000      640.215     1060.422
       0.575        0.000      640.215     1060.422
       0.577        0.000      640.215     1060.422
       0.577        0.000      640.215     1060.422
       0.585        0.000      640.215     1060.422
       0.585        0.000      640.215     1060.422
       0.585        0.000      640.215     1060.422
       0.595        0.000      640.215     1060.422
       0.598        0.000      640.215     1060.422
       0.598        0.000      640.215     1060.422
       0.604        0.000      640.215     1060.422
       0.604        0.000      640.215     1060.422
       0.604        0.000      640.215     1060.422
       0.615        0.000      640.215     1060.422
       0.619        0.000      640.215     1060.422
       0.619        0.000      640.215     1060.422
       0.625        0.000      640.215     1060.422
       0.625        0.000      640.215     1060.422
       0.631        0.000      640.215     1060.422
       0.635      312.500      640.219     1060.422
       0.638        0.000      640.219     1060.422
       0.642        0.000      640.223     1060.422
       0.646        0.000      640.230     1060.422
       0.651      195.300      640.234     1060.422
       0.655        0.000      640.234     1060.422
       0.660        0.000      640.242     1060.422
       0.665        0.000      640.242     1060.422
       0.669       97.700      640.242     1060.422
       0.672        0.000      640.242     1060.422
       0.675        0.000      640.242     1060.422
       0.679        0.000      640.242     1060.422
       0.683      104.200      640.246     1060.422
       0.685        0.000      640.246     1060.422
       0.690        0.000      640.246     1060.422
       0.696        0.000      640.246     1060.422
       0.697        0.000      640.246     1060.422
       0.697        0.000      640.246     1060.422
       0.705        0.000      640.246     1060.422
       0.709        0.000      640.246     1060.422
       0.712        0.000      640.246     1060.422
       0.718        0.000      640.246     1060.422
       0.720        0.000      640.246     1060.422
       0.727        0.000      640.246     1060.422
       0.728        0.000      640.246     1060.422
       0.735        0.000      640.246     1060.422
       0.737        0.000      640.246     1060.422
       0.737        0.000      640.246     1060.422
       0.745        0.000      640.246     1060.422
       0.746        0.000      640.246     1060.422
       0.746        0.000      640.246     1060.422
       0.746        0.000      640.246     1060.422
       0.755        0.000      640.246     1060.422
       0.758        0.000      640.246     1060.422
       0.761        0.000      640.246     1060.422
       0.761        0.000      640.246     1060.422
       0.765        0.000      640.246     1060.422
       0.765        0.000      640.246     1060.422
       0.765        0.000      640.246     1060.422
       0.765        0.000      640.246     1060.422
       0.775        0.000      640.246     1060.422
       0.777        0.000      640.246     1060.422
       0.777        0.000      640.246     1060.422
       0.777        0.000      640.246     1060.422
       0.784        0.000      640.246     1060.422
       0.784        0.000      640.246     1060.422
       0.784        0.000      640.246     1060.422
       0.784        0.000      640.246     1060.422
       0.784        0.000      640.246     1060.422
       0.796        0.000      640.246     1060.422
       0.797        0.000      640.246     1060.422
       0.797        0.000      640.246     1060.422
       0.804        0.000      640.246     1060.422
       0.804        0.000      640.246     1060.422
       0.804        0.000      640.246     1060.422
       0.804        0.000      640.246     1060.422
       0.816        0.000      640.246     1060.422
       0.818        0.000      640.246     1060.422
       0.818        0.000      640.246     1060.422
       0.818        0.000      640.246     1060.422
       0.824        0.000      640.246     1060.422
       0.827        0.000      640.246     1060.422
       0.830        0.000      640.250     1060.422
       0.833        0.000      640.250     1060.422
       0.836        0.000      640.250     1060.422
       0.838        0.000      640.250     1060.422
       0.838      104.200      640.250     1060.422
       0.843        0.000      640.254     1060.422
       0.846        0.000      640.254     1060.422
       0.847        0.000      640.254     1060.422
       0.851        0.000      640.254     1060.422
       0.853        0.000      640.254     1060.422
       0.856        0.000      640.254     1060.422
       0.859        0.000      640.254     1060.422
       0.862        0.000      640.254     1060.422
       0.865        0.000      640.254     1060.422
       0.868        0.000      640.254     1060.422
       0.870        0.000      640.254     1060.422
       0.870        0.000      640.254     1060.422
       0.877        0.000      640.254     1060.422
       0.881        0.000      640.254     1060.422
       0.885      104.200      640.254     1060.422
       0.890        0.000      640.254     1060.422
       0.896        0.000      640.254     1060.422
       0.900        0.000      640.254     1060.422
       0.903        0.000      640.254     1060.422
       0.908        0.000      640.254     1060.422
       0.912        0.000      640.254     1060.422
       0.914        0.000      640.254     1060.422
       0.917       97.700      640.254     1060.422
       0.920        0.000      640.254     1060.422
       0.923        0.000      640.254     1060.422
       0.925        0.000      640.254     1060.422
       0.929        0.000      640.258     1060.422
       0.932        0.000      640.262     1060.422
       0.935      104.200      640.262     1060.422
       0.937        0.000      640.262     1060.422
       0.941        0.000      640.262     1060.422
       0.943        0.000      640.266     1060.422
       0.946        0.000      640.266     1060.422
       0.948        0.000      640.266     1060.422
       0.950        0.000      640.266     1060.422
       0.953        0.000      640.270     1060.422
       0.956        0.000      640.270     1060.422
       0.959        0.000      640.270     1060.422
       0.962        0.000      640.270     1060.422
       0.965        0.000      640.270     1060.422
       0.967        0.000      640.270     1060.422
       0.968        0.000      640.270     1060.422
       0.968        0.000      640.270     1060.422
       0.968        0.000      640.270     1060.422
       0.978        0.000      640.270     1060.422
       0.978        0.000      640.270     1060.422
       0.978        0.000      640.270     1060.422
       0.985        0.000      640.270     1060.422
       0.987        0.000      640.270     1060.422
       0.987        0.000      640.270     1060.422
       0.987        0.000      640.270     1060.422
       0.998        0.000      640.270     1060.422
       1.001        0.000      640.270     1060.422
       1.005        0.000      640.270     1060.422
       1.008        0.000      640.270     1060.422
       1.012        0.000      640.270     1060.422
       1.014        0.000      640.270     1060.422
       1.016        0.000      640.270     1060.422
       1.019        0.000      640.270     1060.422
       1.022        0.000      640.270     1060.422
       1.025        0.000      640.270     1060.422
       1.030        0.000      640.270     1060.422
       1.033        0.000      640.270     1060.422
       1.036        0.000      640.270     1060.422
       1.039        0.000      640.270     1060.422
       1.043        0.000      640.270     1060.422
       1.047        0.000      640.270     1060.422
       1.049        0.000      640.270     1060.422
       1.052        0.000      640.270     1060.422
       1.055        0.000      640.270     1060.422
       1.057        0.000      640.270     1060.422
       1.060        0.000      640.270     1060.422
       1.064        0.000      640.270     1060.422
       1.067        0.000      640.270     1060.422
       1.070        0.000      640.270     1060.422
       1.073        0.000      640.270     1060.422
       1.077        0.000      640.270     1060.422
       1.079        0.000      640.270     1060.422
       1.081        0.000      640.270     1060.422
       1.084        0.000      640.270     1060.422
       1.087        0.000      640.270     1060.422
       1.089        0.000      640.270     1060.422
       1.091        0.000      640.270     1060.422
       1.095        0.000      640.270     1060.422
       1.097        0.000      640.270     1060.422
       1.101        0.000      640.270     1060.422
       1.103        0.000      640.270     1060.422
       1.106        0.000      640.270     1060.422
       1.109        0.000      640.270     1060.422
       1.113        0.000      640.270     1060.422
       1.117        0.000      640.270     1060.422
       1.118        0.000      640.270     1060.422
       1.124        0.000      640.270     1060.422
       1.126        0.000      640.270     1060.422
       1.126        0.000      640.270     1060.422
       1.136        0.000      640.270     1060.422
       1.139        0.000      640.270     1060.422
       1.146        0.000      640.270     1060.422
       1.147        0.000      640.270     1060.422
       1.159        0.000      640.270     1060.422
       1.164        0.000      640.270     1060.422
       1.173        0.000      640.270     1060.422
       1.178        0.000      640.270     1060.422
       1.185        0.000      640.270     1060.422
       1.190        0.000      640.270     1060.422
       1.196        0.000      640.270     1060.422
       1.196        0.000      640.270     1060.422
       1.204        0.000      640.270     1060.422
       1.212        0.000      640.270     1060.422
       1.219        0.000      640.270     1060.422
       1.220        0.000      640.270     1060.422
       1.229        0.000      640.270     1060.422
       1.234        0.000      640.270     1060.422
       1.239        0.000      640.270     1060.422
       1.245        0.000      640.270     1060.422
       1.245        0.000      640.270     1060.422
       1.255        0.000      640.270     1060.422
       1.260        0.000      640.270     1060.422
       1.265        0.000      640.270     1060.422
       1.265        0.000      640.270     1060.422
       1.277        0.000      640.270     1060.422
       1.284        0.000      640.270     1060.422
       1.289        0.000      640.270     1060.422
       1.294        0.000      640.270     1060.422
       1.298        0.000      640.270     1060.422
       1.304        0.000      640.270     1060.422
       1.310        0.000      640.270     1060.422
       1.315        0.000      640.270     1060.422
       1.319        0.000      640.270     1060.422
       1.326        0.000      640.270     1060.422
       1.327        0.000      640.270     1060.422
       1.337        0.000      640.270     1060.422
       1.339        0.000      640.270     1060.422
       1.347        0.000      640.270     1060.422
       1.350        0.000      640.270     1060.422
       1.358        0.000      640.270     1060.422
       1.365        0.000      640.270     1060.422
       1.365        0.000      640.270     1060.422
       1.376        0.000      640.270     1060.422
       1.381        0.000      640.270     1060.422
       1.385        0.000      640.270     1060.422
       1.385        0.000      640.270     1060.422
       1.397        0.000      640.270     1060.422
       1.397        0.000      640.270     1060.422
       1.408        0.000      640.270     1060.422
       1.415        0.000      640.270     1060.422
       1.419        0.000      640.270     1060.422
       1.425        0.000      640.270     1060.422
       1.432        0.000      640.270     1060.422
       1.438        0.000      640.270     1060.422
       1.445        0.000      640.270     1060.422
       1.450        0.000      640.270     1060.422
       1.455        0.000      640.266     1060.422
       1.461        0.000      640.266     1060.422
       1.465        0.000      640.266     1060.422
       1.465        0.000      640.266     1060.422
       1.479        0.000      640.266     1060.422
       1.480        0.000      640.266     1060.422
       1.490        0.000      640.266     1060.422
       1.495        0.000      640.266     1060.422
       1.498        0.000      640.266     1060.422
       1.505        0.000      640.266     1060.422
       1.511        0.000      640.266     1060.422
       1.518        0.000      640.266     1060.422
       1.519        0.000      640.270     1060.422
       1.527        0.000      640.270     1060.422
       1.534        0.000      640.270     1060.422
       1.541        0.000      640.270     1060.422
       1.545        0.000      640.270     1060.422
       1.545        0.000      640.270     1060.422
       1.557        0.000      640.270     1060.422
       1.562        0.000      640.270     1060.422
       1.565        0.000      640.270     1060.422
       1.565        0.000      640.270     1060.422
       1.579        0.000      640.270     1060.422
       1.585        0.000      640.270     1060.422
       1.587        0.000      640.270     1060.422
       1.597        0.000      640.270     1060.422
       1.598        0.000      640.270     1060.422
       1.605        0.000      640.270     1060.422
       1.610        0.000      640.270     1060.422
       1.619        0.000      640.270     1060.422
       1.624        0.000      640.270     1060.422
       1.629        0.000      640.270     1060.422
       1.635        0.000      640.270     1060.422
       1.639        0.000      640.270     1060.422
       1.645        0.000      640.270     1060.422
       1.645        0.000      640.270     1060.422
       1.654        0.000      640.270     1060.422
       1.660        0.000      640.270     1060.422
       1.665        0.000      640.270     1060.422
       1.665        0.000      640.270     1060.422
       1.678        0.000      640.270     1060.422
       1.679        0.000      640.270     1060.422
       1.684        0.000      640.270     1060.422
       1.684        0.000      640.270     1060.422
       1.697        0.000      640.270     1060.422
       1.705        0.000      640.270     1060.422
       1.709        0.000      640.270     1060.422
       1.716        0.000      640.270     1060.422
       1.718        0.000      640.270     1060.422
       1.724        0.000      640.270     1060.422
       1.724        0.000      640.270     1060.422
       1.737        0.000      640.270     1060.422
       1.740        0.000      640.270     1060.422
       1.747        0.000      640.270     1060.422
       1.747        0.000      640.270     1060.422
       1.759        0.000      640.270     1060.422
       1.767        0.000      640.270     1060.422
       1.775        0.000      640.270     1060.422
       1.778        0.000      640.270     1060.422
       1.785        0.000      640.270     1060.422
       1.793        0.000      640.270     1060.422
       1.798        0.000      640.270     1060.422
       1.804        0.000      640.270     1060.422
       1.810        0.000      640.270     1060.422
       1.817        0.000      640.270     1060.422
       1.819        0.000      640.270     1060.422
       1.827        0.000      640.270     1060.422
       1.834        0.000      640.270     1060.422
       1.840        0.000      640.270     1060.422
       1.846        0.000      640.270     1060.422
       1.846        0.000      640.270     1060.422
       1.846        0.000      640.270     1060.422
       1.855        0.000      640.270     1060.422
       1.859        0.000      640.270     1060.422
       1.860        0.000      640.270     1060.422
       1.864        0.000      640.270     1060.422
       1.864        0.000      640.270     1060.422
       1.864        0.000      640.270     1060.422
       1.875        0.000      640.270     1060.422
       1.877        0.000      640.270     1060.422
       1.882        0.000      640.270     1060.422
       1.884        0.000      640.270     1060.422
       1.884        0.000      640.270     1060.422
       1.884        0.000      640.270     1060.422
       1.895        0.000      640.270     1060.422
       1.898        0.000      640.270     1060.422
       1.899        0.000      640.270     1060.422
       1.899        0.000      640.270     1060.422
       1.905        0.000      640.270     1060.422
       1.909        0.000      640.270     1060.422
       1.909        0.000      640.270     1060.422
       1.917        0.000      640.270     1060.422
       1.918        0.000      640.270     1060.422
       1.918        0.000      640.270     1060.422
       1.924        0.000      640.270     1060.422
       1.926        0.000      640.270     1060.422
       1.926        0.000      640.270     1060.422
       1.935        0.000      640.270     1060.422
       1.938        0.000      640.270     1060.422
       1.938        0.000      640.270     1060.422
       1.944        0.000      640.270     1060.422
       1.944        0.000      640.270     1060.422
       1.944        0.000      640.270     1060.422
       1.944        0.000      640.270     1060.422
       1.957        0.000      640.270     1060.422
       1.960        0.000      640.270     1060.422
       1.964        0.000      640.270     1060.422
       1.964        0.000      640.270     1060.422
       1.964        0.000      640.270     1060.422
       1.964        0.000      640.270     1060.422
       1.977        0.000      640.270     1060.422
       1.978        0.000      640.270     1060.422
       1.978        0.000      640.270     1060.422
       1.984        0.000      640.270     1060.422
       1.984        0.000      640.270     1060.422
       1.984        0.000      640.270     1060.422
       1.996        0.000      640.270     1060.422
       1.998        0.000      640.270     1060.422
       1.998        0.000      640.270     1060.422
       2.005        0.000      640.270     1060.422
       2.008        0.000      640.270     1060.422
       2.012      104.200      640.270     1060.422
       2.016        0.000      640.270     1060.422
       2.020        0.000      640.270     1060.422
       2.023       97.700      640.270     1060.422
       2.030        0.000      640.270     1060.422
       2.040        0.000      640.270     1060.422
       2.044        0.000      640.270     1060.422
       2.045        0.000      640.270     1060.422
       2.045        0.000      640.270     1060.422
       2.057        0.000      640.270     1060.422
       2.060        0.000      640.270     1060.422
       2.064        0.000      640.270     1060.422
       2.067        0.000      640.270     1060.422
       2.067        0.000      640.270     1060.422
       2.067        0.000      640.270     1060.422
       2.076        0.000      640.270     1060.422
       2.078        0.000      640.270     1060.422
       2.078        0.000      640.270     1060.422
       2.085        0.000      640.270     1060.422
       2.085        0.000      640.270     1060.422
       2.085        0.000      640.270     1060.422
       2.095        0.000      640.270     1060.422
       2.098        0.000      640.270     1060.422
       2.098        0.000      640.270     1060.422
       2.098        0.000      640.270     1060.422
       2.105        0.000      640.270     1060.422
       2.105        0.000      640.270     1060.422
       2.112        0.000      640.270     1060.422
       2.116        0.000      640.270     1060.422
       2.119        0.000      640.270     1060.422
       2.119        0.000      640.270     1060.422
       2.124        0.000      640.270     1060.422
       2.128        0.000      640.270     1060.422
       2.128        0.000      640.270     1060.422
       2.134        0.000      640.270     1060.422
       2.137        0.000      640.270     1060.422
       2.138        0.000      640.270     1060.422
       2.143        0.000      640.270     1060.422
       2.146        0.000      640.270     1060.422
       2.146        0.000      640.270     1060.422
       2.146        0.000      640.270     1060.422
       2.154        0.000      640.270     1060.422
       2.156        0.000      640.270     1060.422
       2.160        0.000      640.270     1060.422
       2.160        0.000      640.270     1060.422
       2.165        0.000      640.270     1060.422
       2.165        0.000      640.270     1060.422
       2.165        0.000      640.270     1060.422
       2.165        0.000      640.270     1060.422
       2.177        0.000      640.270     1060.422
       2.177        0.000      640.270     1060.422
       2.177        0.000      640.270     1060.422
       2.185        0.000      640.270     1060.422
       2.185        0.000      640.270     1060.422
       2.185        0.000      640.270     1060.422
       2.194        0.000      640.270     1060.422
       2.197        0.000      640.270     1060.422
       2.197        0.000      640.270     1060.422
       2.197        0.000      640.270     1060.422
       2.205        0.000      640.270     1060.422
       2.210        0.000      640.270     1060.422
       2.210        0.000      640.270     1060.422
       2.217        0.000      640.270     1060.422
       2.220        0.000      640.270     1060.422
       2.227        0.000      640.270     1060.422
       2.227        0.000      640.270     1060.422
       2.237        0.000      640.270     1060.422
       2.239        0.000      640.270     1060.422
       2.247        0.000      640.270     1060.422
       2.247        0.000      640.270     1060.422
       2.259        0.000      640.270     1060.422
       2.263        0.000      640.270     1060.422
       2.265        0.000      640.270     1060.422
       2.270        0.000      640.270     1060.422
       2.279        0.000      640.270     1060.422
       2.284        0.000      640.270     1060.422
       2.289        0.000      640.270     1060.422
       2.296        0.000      640.270     1060.422
       2.298        0.000      640.270     1060.422
       2.305        0.000      640.270     1060.422
       2.310        0.000      640.270     1060.422
       2.318        0.000      640.270     1060.422
       2.320        0.000      640.270     1060.422
       2.328        0.000      640.270     1060.422
       2.335        0.000      640.270     1060.422
       2.339        0.000      640.270     1060.422
       2.346        0.000      640.270     1060.422
       2.346        0.000      640.270     1060.422
       2.355        0.000      640.270     1060.422
       2.358        0.000      640.270     1060.422
       2.366        0.000      640.270     1060.422
       2.366        0.000      640.270     1060.422
       2.377        0.000      640.270     1060.422
       2.380        0.000      640.270     1060.422
       2.386        0.000      640.270     1060.422
       2.386        0.000      640.270     1060.422
       2.399        0.000      640.270     1060.422
       2.399        0.000      640.270     1060.422
       2.410        0.000      640.270     1060.422
       2.415        0.000      640.270     1060.422
       2.420        0.000      640.270     1060.422
       2.426        0.000      640.270     1060.422
       2.426        0.000      640.270     1060.422
       2.435        0.000      640.270     1060.422
       2.438        0.000      640.270     1060.422
       2.448        0.000      640.270     1060.422
       2.450        0.000      640.270     1060.422
       2.459        0.000      640.270     1060.422
       2.460        0.000      640.270     1060.422
       2.465        0.000      640.270     1060.422
       2.465        0.000      640.270     1060.422
       2.478        0.000      640.270     1060.422
       2.478        0.000      640.270     1060.422
       2.486        0.000      640.270     1060.422
       2.495        0.000      640.270     1060.422
       2.500        0.000      640.270     1060.422
       2.505        0.000      640.270     1060.422
       2.510        0.000      640.270     1060.422
       2.515        0.000      640.270     1060.422
       2.519        0.000      640.270     1060.422
       2.525        0.000      640.270     1060.422
       2.525        0.000      640.270     1060.406
       2.536        0.000      640.574     1060.359
       2.538       97.700      640.574     1060.359
       2.545        0.000      640.574     1060.359
       2.545        0.000      640.574     1060.359
       2.558      104.200      640.574     1060.359
       2.560        0.000      640.574     1060.359
       2.565        0.000      640.574     1060.359
       2.565        0.000      640.574     1060.359
       2.578        0.000      640.574     1060.359
       2.585        0.000      640.574     1060.359
       2.585        0.000      640.574     1060.359
       2.596        0.000      640.574     1060.359
       2.598        0.000      640.574     1060.359
       2.604        0.000      640.574     1060.359
       2.609        0.000      640.574     1060.359
       2.618        0.000      640.574     1060.359
       2.620        0.000      640.574     1060.359
       2.625        0.000      640.574     1060.359
       2.625        0.000      640.574     1060.359
       2.639        0.000      640.574     1060.359
       2.644        0.000      640.574     1060.359
       2.644        0.000      640.586     1060.609
       2.655        0.000      640.586     1060.609
       2.657        0.000      640.586     1060.609
       2.665        0.000      640.586     1060.609
       2.665        0.000      640.586     1060.609
       2.675        0.000      640.586     1060.609
       2.678        0.000      640.586     1060.609
       2.685        0.000      640.586     1060.609
       2.685        0.000      640.586     1060.609
       2.698        0.000      640.586     1060.609
       2.699        0.000      640.586     1060.609
       2.705        0.000      640.586     1060.609
       2.705        0.000      640.586     1060.609
       2.719        0.000      640.586     1060.609
       2.719        0.000      640.586     1060.609
       2.729        0.000      640.586     1060.609
       2.729        0.000      640.586     1060.609
       2.738        0.000      640.586     1060.609
       2.745        0.000      640.586     1060.609
       2.745        0.000      640.586     1060.609
       2.754        0.000      640.586     1060.609
       2.758        0.000      640.586     1060.609
       2.758        0.000      640.586     1060.609
       2.769        0.000      640.586     1060.609
       2.774        0.000      640.586     1060.609
       2.780        0.000      640.586     1060.609
       2.786        0.000      640.586     1060.609
       2.790        0.000      640.586     1060.609
       2.795        0.000      640.586     1060.609
       2.799        0.000      640.586     1060.609
       2.806        0.000      640.586     1060.609
       2.806        0.000      640.586     1060.609
       2.817        0.000      640.586     1060.609
       2.823        0.000      640.586     1060.609
       2.825        0.000      640.586     1060.609
       2.830        0.000      640.586     1060.609
       2.838        0.000      640.586     1060.609
       2.838        0.000      640.586     1060.609
       2.845        0.000      640.586     1060.609
       2.845        0.000      640.586     1060.609
       2.858        0.000      640.586     1060.609
       2.858        0.000      640.586     1060.609
       2.866        0.000      640.586     1060.609
       2.866        0.000      640.586     1060.609
       2.879        0.000      640.586     1060.609
       2.884        0.000      640.586     1060.609
       2.884        0.000      640.586     1060.609
       2.895        0.000      640.586     1060.609
       2.895        0.000      640.586     1060.609
       2.905        0.000      640.586     1060.609
       2.908        0.000      640.586     1060.609
       2.915        0.000      640.586     1060.609
       2.919        0.000      640.586     1060.609
       2.926        0.000      640.586     1060.609
       2.926        0.000      640.586     1060.609
       2.934        0.000      640.586     1060.609
       2.942        0.000      640.586     1060.609
       2.945        0.000      640.586     1060.609
       2.950        0.000      640.586     1060.609
       2.954        0.000      640.586     1060.609
       2.959        0.000      640.586     1060.609
       2.965        0.000      640.586     1060.609
       2.965        0.000      640.586     1060.609
       2.978        0.000      640.586     1060.609
       2.978        0.000      640.586     1060.609
       2.985        0.000      640.586     1060.609
       2.985        0.000      640.586     1060.609
       2.998        0.000      640.586     1060.609
       3.005        0.000      640.586     1060.609
       3.010        0.000      640.586     1060.609
       3.014        0.000      640.586     1060.609
       3.019        0.000      640.586     1060.609
       3.025        0.000      640.586     1060.609
       3.025        0.000      640.586     1060.609
       3.038        0.000      640.586     1060.609
       3.038        0.000      640.586     1060.609
       3.048        0.000      640.586     1060.609
       3.048        0.000      640.586     1060.609
       3.058        0.000      640.586     1060.609
       3.058        0.000      640.586     1060.609
       3.065        0.000      640.586     1060.609
       3.070        0.000      640.586     1060.609
       3.080        0.000      640.586     1060.609
       3.085        0.000      640.586     1060.609
       3.085        0.000      640.586     1060.609
       3.096        0.000      640.586     1060.609
       3.099        0.000      640.586     1060.609
       3.105        0.000      640.586     1060.609
       3.112        0.000      640.586     1060.609
       3.117        0.000      640.586     1060.609
       3.119        0.000      640.586     1060.609
       3.128        0.000      640.586     1060.609
       3.128        0.000      640.586     1060.609
       3.139        0.000      640.586     1060.609
       3.144        0.000      640.586     1060.609
       3.145        0.000      640.586     1060.609
       3.155        0.000      640.586     1060.609
       3.159        0.000      640.586     1060.609
       3.164        0.000      640.586     1060.609
       3.169        0.000      640.586     1060.609
       3.177        0.000      640.586     1060.609
       3.179        0.000      640.586     1060.609
       3.185        0.000      640.586     1060.609
       3.185        0.000      640.586     1060.609
       3.198        0.000      640.586     1060.609
       3.199        0.000      640.586     1060.609
       3.208        0.000      640.586     1060.609
       3.208        0.000      640.586     1060.609
       3.218        0.000      640.586     1060.609
       3.225        0.000      640.586     1060.609
       3.230        0.000      640.586     1060.609
       3.230        0.000      640.586     1060.609
       3.238        0.000      640.586     1060.609
       3.244        0.000      640.586     1060.609
       3.244        0.000      640.586     1060.609
       3.256        0.000      640.586     1060.609
       3.257        0.000      640.586     1060.609
       3.265        0.000      640.586     1060.609
       3.265        0.000      640.586     1060.609
       3.277        0.000      640.586     1060.609
       3.278        0.000      640.586     1060.609
       3.285        0.000      640.586     1060.609
       3.285        0.000      640.586     1060.609
       3.298        0.000      640.586     1060.609
       3.299        0.000      640.586     1060.609
       3.307        0.000      640.586     1060.609
       3.308        0.000      640.586     1060.609
       3.318        0.000      640.586     1060.609
       3.318        0.000      640.586     1060.609
       3.328        0.000      640.586     1060.609
       3.328        0.000      640.586     1060.609
       3.337        0.000      640.586     1060.609
       3.345        0.000      640.586     1060.609
       3.345        0.000      640.586     1060.609
       3.345        0.000      640.586     1060.609
       3.357        0.000      640.586     1060.609
       3.365        0.000      640.586     1060.609
       3.368        0.000      640.586     1060.609
       3.377        0.000      640.586     1060.609
       3.378        0.000      640.586     1060.609
       3.384        0.000      640.586     1060.609
       3.384        0.000      640.586     1060.609
       3.397        0.000      640.586     1060.609
       3.399        0.000      640.586     1060.609
       3.408        0.000      640.586     1060.609
       3.408        0.000      640.586     1060.609
       3.419        0.000      640.586     1060.609
       3.419        0.000      640.586     1060.609
       3.425        0.000      640.586     1060.609
       3.425        0.000      640.586     1060.609
       3.437        0.000      640.586     1060.609
       3.437        0.000      640.586     1060.609
       3.445        0.000      640.586     1060.609
       3.445        0.000      640.586     1060.609
       3.459        0.000      640.586     1060.609
       3.465        0.000      640.586     1060.609
       3.465        0.000      640.586     1060.609
       3.476        0.000      640.586     1060.609
       3.479        0.000      640.586     1060.609
       3.484        0.000      640.586     1060.609
       3.484        0.000      640.586     1060.609
       3.497        0.000      640.586     1060.609
       3.499        0.000      640.586     1060.609
       3.505        0.000      640.586     1060.609
       3.505        0.000      640.586     1060.609
       3.517        0.000      640.586     1060.609
       3.517        0.000      640.586     1060.609
       3.525        0.000      640.586     1060.609
       3.529        0.000      640.586     1060.609
       3.537        0.000      640.586     1060.609
       3.537        0.000      640.586     1060.609
       3.545        0.000      640.586     1060.609
       3.545        0.000      640.586     1060.609
       3.558        0.000      640.586     1060.609
       3.558        0.000      640.586     1060.609
       3.565        0.000      640.586     1060.609
       3.565       97.700      641.297     1061.715
       3.579        0.000      641.383     1061.715
       3.585        0.000      640.590     1060.609
       3.590      104.200      640.590     1060.609
       3.597        0.000      641.492     1063.203
       3.599        0.000      642.219     1063.203
       3.605      390.600      643.039     1063.203
       3.615        0.000      640.594     1060.609
       3.619       97.700      641.020     1061.715
       3.624        0.000      641.355     1061.715
       3.632        0.000      640.594     1060.609
       3.637      104.200      640.594     1060.609
       3.642        0.000      641.152     1063.203
       3.646        0.000      641.844     1063.203
       3.646      390.600      642.348     1063.203
       3.661        0.000      642.941     1063.203
       3.668       97.700      643.184     1063.203
       3.675        0.000      641.266     1061.715
       3.680        0.000      641.379     1061.715
       3.685        0.000      640.594     1060.609
       3.685      104.200      640.594     1060.609
       3.696        0.000      641.441     1063.203
       3.698        0.000      642.082     1063.203
       3.698      390.600      642.773     1063.203
       3.705        0.000      643.184     1063.203
       3.709        0.000      641.297     1061.715
       3.709        0.000      641.387     1061.715
       3.716      104.200      640.594     1060.609
       3.718        0.000      640.789     1063.203
       3.718        0.000      641.750     1063.203
       3.724        0.000      642.758     1063.203
       3.727        0.000      641.008     1063.203
       3.727        0.000      641.328     1061.715
       3.727       97.700      640.594     1060.609
       3.737        0.000      640.594     1060.609
       3.737        0.000      641.176     1063.203
       3.737        0.000      642.109     1063.203
       3.745        0.000      643.008     1063.203
       3.745        0.000      640.594     1060.609
       3.745        0.000      641.340     1061.715
       3.745        0.000      640.594     1060.609
       3.745       97.700      640.594     1060.609
       3.757        0.000      641.508     1063.203
       3.758        0.000      642.012     1063.203
       3.758        0.000      642.430     1063.203
       3.758      416.700      642.926     1063.203
       3.765        0.000      640.594     1060.609
       3.765        0.000      641.340     1061.715
       3.765        0.000      640.594     1060.609
       3.765        0.000      640.594     1060.609
       3.776        0.000      641.395     1063.203
       3.778        0.000      642.250     1063.203
       3.778        0.000      643.051     1063.203
       3.778       97.700      640.594     1060.609
       3.785        0.000      641.363     1061.715
       3.786        0.000      640.594     1060.609
       3.786        0.000      640.594     1060.609
       3.786       97.700      641.695     1063.203
       3.796        0.000      642.141     1063.203
       3.798        0.000      642.566     1063.203
       3.798        0.000      643.117     1063.203
       3.798        0.000      640.723     1061.715
       3.805        0.000      641.367     1061.715
       3.807        0.000      640.594     1060.609
       3.807        0.000      640.598     1063.203
       3.807      104.200      641.652     1063.203
       3.815        0.000      642.371     1063.203
       3.818        0.000      642.996     1063.203
       3.818        0.000      640.594     1060.609
       3.824        0.000      641.336     1061.715
       3.824        0.000      640.594     1060.609
       3.824        0.000      640.594     1060.609
       3.824       97.700      641.293     1063.203
       3.837        0.000      642.555     1063.203
       3.837        0.000      643.184     1063.203
       3.837      104.200      641.312     1061.715
       3.845        0.000      640.969     1061.715
       3.845        0.000      640.594     1060.609
       3.845        0.000      640.898     1063.203
       3.856       97.700      641.844     1063.203
       3.857        0.000      642.578     1063.203
       3.857        0.000      643.184     1063.203
       3.864        0.000      641.297     1061.715
       3.866        0.000      641.375     1061.715
       3.866       97.700      640.594     1060.609
       3.875        0.000      640.594     1060.609
       3.878        0.000      641.336     1063.203
       3.878        0.000      642.039     1063.203
       3.884        0.000      642.730     1063.203
       3.884      104.200      643.184     1063.203
       3.889        0.000      641.301     1061.715
       3.895        0.000      641.391     1061.715
       3.897        0.000      640.594     1060.609
       3.898        0.000      640.910     1063.203
       3.898       97.700      641.973     1063.203
       3.904        0.000      643.156     1063.203
       3.909        0.000      641.078     1061.715
       3.909        0.000      641.371     1061.715
       3.915        0.000      640.594     1060.609
       3.918        0.000      640.691     1063.203
       3.918       97.700      641.465     1063.203
       3.924        0.000      642.074     1063.203
       3.924        0.000      642.664     1063.203
       3.935        0.000      643.184     1063.203
       3.938        0.000      641.301     1061.715
       3.938        0.000      641.391     1061.715
       3.945        0.000      640.594     1060.609
       3.946        0.000      640.676     1063.203
       3.946       97.700      641.570     1063.203
       3.955        0.000      641.988     1063.203
       3.958        0.000      642.555     1063.203
       3.958        0.000      643.184     1063.203
       3.964        0.000      641.004     1061.715
       3.964        0.000      641.359     1061.715
       3.964      104.200      640.594     1060.609
       3.976        0.000      640.594     1060.609
       3.977        0.000      641.480     1063.203
       3.977      390.600      642.297     1063.203
       3.984        0.000      643.086     1063.203
       3.984        0.000      640.605     1060.609
       3.984        0.000      640.605     1060.609
       3.997      293.000      640.605     1060.609
       3.998        0.000      640.605     1060.609
       4.004        0.000      640.605     1060.609
       4.006        0.000      640.605     1060.609
       4.006      312.500      640.605     1060.609
       4.017        0.000      640.621     1060.609
       4.022        0.000      640.621     1060.609
       4.024      390.600      640.633     1060.672
       4.030        0.000      640.645     1060.672
       4.034        0.000      640.672     1060.672
       4.039        0.000      640.680     1060.672
       4.045       97.700      640.680     1060.672
       4.049        0.000      640.684     1060.672
       4.052        0.000      640.684     1060.672
       4.057      208.300      640.723     1060.734
       4.063        0.000      640.723     1060.734
       4.065        0.000      640.723     1060.734
       4.069      195.300      640.723     1060.734
       4.077        0.000      640.723     1060.734
       4.080        0.000      640.723     1060.734
       4.085        0.000      640.723     1060.734
       4.087        0.000      640.723     1060.734
       4.087        0.000      640.723     1060.734
       4.087        0.000      640.723     1060.734
       4.097        0.000      640.723     1060.734
       4.097        0.000      640.723     1060.734
       4.097        0.000      640.723     1060.734
       4.104        0.000      640.723     1060.734
       4.109        0.000      640.723     1060.734
       4.115        0.000      640.723     1060.734
       4.118        0.000      640.723     1060.734
       4.119        0.000      640.723     1060.734
       4.125        0.000      640.723     1060.734
       4.126        0.000      640.723     1060.734
       4.126        0.000      640.723     1060.734
       4.126        0.000      640.723     1060.734
       4.137        0.000      640.723     1060.734
       4.137        0.000      640.723     1060.734
       4.137        0.000      640.723     1060.734
       4.144        0.000      640.723     1060.734
       4.144        0.000      640.723     1060.734
       4.144        0.000      640.723     1060.734
       4.156        0.000      640.723     1060.734
       4.159        0.000      640.723     1060.734
       4.159        0.000      640.723     1060.734
       4.165        0.000      640.723     1060.734
       4.165        0.000      640.723     1060.734
       4.165        0.000      640.723     1060.734
       4.174        0.000      640.723     1060.734
       4.178        0.000      640.723     1060.734
       4.178        0.000      640.723     1060.734
       4.185        0.000      640.723     1060.734
       4.187        0.000      640.723     1060.734
       4.187        0.000      640.723     1060.734
       4.187        0.000      640.723     1060.734
       4.197        0.000      640.723     1060.734
       4.198        0.000      640.723     1060.734
       4.198        0.000      640.723     1060.734
       4.205        0.000      640.723     1060.734
       4.208        0.000      640.723     1060.734
       4.208        0.000      640.723     1060.734
       4.215        0.000      640.723     1060.734
       4.216        0.000      640.723     1060.734
       4.216        0.000      640.723     1060.734
       4.224        0.000      640.723     1060.734
       4.227        0.000      640.723     1060.734
       4.230        0.000      640.723     1060.734
       4.231        0.000      640.723     1060.734
       4.234        0.000      640.723     1060.734
       4.234        0.000      640.723     1060.734
       4.234        0.000      640.723     1060.734
       4.245        0.000      640.723     1060.734
       4.245        0.000      640.723     1060.734
       4.245        0.000      640.723     1060.734
       4.255        0.000      640.723     1060.734
       4.258        0.000      640.723     1060.734
       4.258        0.000      640.723     1060.734
       4.265        0.000      640.723     1060.734
       4.265        0.000      640.723     1060.734
       4.270        0.000      640.723     1060.734
       4.271        0.000      640.723     1060.734
       4.274        0.000      640.723     1060.734
       4.278        0.000      640.723     1060.734
       4.278        0.000      640.723     1060.734
       4.285        0.000      640.723     1060.734
       4.285        0.000      640.723     1060.734
       4.285        0.000      640.723     1060.734
       4.294        0.000      640.723     1060.734
       4.297        0.000      640.723     1060.734
       4.297        0.000      640.723     1060.734
       4.297        0.000      640.723     1060.734
       4.305        0.000      640.723     1060.734
       4.305        0.000      640.723     1060.734
       4.305        0.000      640.723     1060.734
       4.315        0.000      640.723     1060.734
       4.319        0.000      640.723     1060.734
       4.319        0.000      640.723     1060.734
       4.325        0.000      640.723     1060.734
       4.325        0.000      640.723     1060.734
       4.325        0.000      640.723     1060.734
       4.325        0.000      640.723     1060.734
       4.337        0.000      640.723     1060.734
       4.337        0.000      640.723     1060.734
       4.337        0.000      640.723     1060.734
       4.344        0.000      640.723     1060.734
       4.344        0.000      640.723     1060.734
       4.344        0.000      640.723     1060.734
       4.355        0.000      640.723     1060.734
       4.358        0.000      640.723     1060.734
       4.358        0.000      640.723     1060.734
       4.364        0.000      640.723     1060.734
       4.364        0.000      640.723     1060.734
       4.364        0.000      640.723     1060.734
       4.364        0.000      640.723     1060.734
       4.376        0.000      640.723     1060.734
       4.379        0.000      640.723     1060.734
       4.379        0.000      640.723     1060.734
       4.385        0.000      640.723     1060.734
       4.386        0.000      640.723     1060.734
       4.386        0.000      640.723     1060.734
       4.394        0.000      640.723     1060.734
       4.397        0.000      640.723     1060.734
       4.397        0.000      640.723     1060.734
       4.397        0.000      640.723     1060.734
       4.406        0.000      640.723     1060.734
       4.406        0.000      640.723     1060.734
       4.406        0.000      640.723     1060.734
       4.416        0.000      640.723     1060.734
       4.418        0.000      640.723     1060.734
       4.418        0.000      640.723     1060.734
       4.425        0.000      640.723     1060.734
       4.425        0.000      640.723     1060.734
       4.425        0.000      640.723     1060.734
       4.436        0.000      640.723     1060.734
       4.436        0.000      640.723     1060.734
       4.445        0.000      640.723     1060.734
       4.445        0.000      640.723     1060.734
       4.454        0.000      640.723     1060.734
       4.459        0.000      640.723     1060.734
       4.459        0.000      640.723     1060.734
       4.464        0.000      640.723     1060.734
       4.464        0.000      640.723     1060.734
       4.479        0.000      640.723     1060.734
       4.479        0.000      640.723     1060.734
       4.485        0.000      640.723     1060.734
       4.485        0.000      640.723     1060.734
       4.498        0.000      640.723     1060.734
       4.499        0.000      640.723     1060.734
       4.506        0.000      640.723     1060.734
       4.506        0.000      640.723     1060.734
       4.517        0.000      640.723     1060.734
       4.517        0.000      640.723     1060.734
       4.525        0.000      640.723     1060.734
       4.525        0.000      640.723     1060.734
       4.535        0.000      640.723     1060.734
       4.538        0.000      640.723     1060.734
       4.545        0.000      640.723     1060.734
       4.545        0.000      640.723     1060.734
       4.545        0.000      640.723     1060.734
       4.558        0.000      640.723     1060.734
       4.558        0.000      640.723     1060.734
       4.564        0.000      640.723     1060.734
       4.564        0.000      640.723     1060.734
       4.577        0.000      640.723     1060.734
       4.580        0.000      640.723     1060.734
       4.585        0.000      640.723     1060.734
       4.585        0.000      640.723     1060.734
       4.595        0.000      640.723     1060.734
       4.598        0.000      640.723     1060.734
       4.598        0.000      640.723     1060.734
       4.605        0.000      640.723     1060.734
       4.605        0.000      640.723     1060.734
       4.618        0.000      640.723     1060.734
       4.618        0.000      640.723     1060.734
       4.626        0.000      640.723     1060.734
       4.627        0.000      640.723     1060.734
       4.635        0.000      640.723     1060.734
       4.639        0.000      640.723     1060.734
       4.645        0.000      640.723     1060.734
