# Elapsed time   CPU (%)     Real (MB)   Virtual (MB)
       0.008        0.000      946.543      980.848
       0.010        0.000      946.543      980.848
       0.010        0.000      946.543      980.848
       0.010        0.000      946.543      980.848
       0.010        0.000      946.543      980.848
       0.027        0.000      946.543      980.848
       0.027        0.000      946.543      980.848
       0.027        0.000      946.543      980.848
       0.027        0.000      946.543      980.848
       0.042        0.000      946.543      980.848
       0.042        0.000      946.543      980.848
       0.042        0.000      946.543      980.848
       0.042        0.000      946.543      980.848
       0.042        0.000      946.543      980.848
       0.058        0.000      946.543      980.848
       0.058        0.000      946.543      980.848
       0.058        0.000      946.543      980.848
       0.058        0.000      946.543      980.848
       0.075        0.000      946.543      980.848
       0.075        0.000      946.543      980.848
       0.075        0.000      946.543      980.848
       0.075        0.000      946.543      980.848
       0.075        0.000      946.543      980.848
       0.092        0.000      946.543      980.848
       0.092        0.000      946.543      980.848
       0.092        0.000      946.543      980.848
       0.092        0.000      946.543      980.848
       0.092        0.000      946.543      980.848
       0.108        0.000      946.543      980.848
       0.108        0.000      946.543      980.848
       0.108        0.000      946.543      980.848
       0.108        0.000      946.543      980.848
       0.108        0.000      946.543      980.848
       0.108        0.000      946.543      980.848
       0.108        0.000      946.543      980.848
       0.108        0.000      946.543      980.848
       0.125        0.000      946.543      980.848
       0.125        0.000      946.543      980.848
       0.125        0.000      946.543      980.848
       0.125        0.000      946.543      980.848
       0.125        0.000      946.543      980.848
       0.125        0.000      946.543      980.848
       0.125        0.000      946.543      980.848
       0.125        0.000      946.543      980.848
       0.125        0.000      946.543      980.848
       0.141        0.000      946.543      980.848
       0.142        0.000      946.543      980.848
       0.142        0.000      946.543      980.848
       0.142        0.000      946.543      980.848
       0.142        0.000      946.543      980.848
       0.142        0.000      946.543      980.848
       0.142        0.000      946.543      980.848
       0.142        0.000      946.543      980.848
       0.142        0.000      946.543      980.848
       0.142        0.000      946.543      980.848
       0.158        0.000      946.543      980.848
       0.158        0.000      946.543      980.848
       0.158        0.000      946.543      980.848
       0.158        0.000      946.543      980.848
       0.158        0.000      946.543      980.848
       0.158        0.000      946.543      980.848
       0.158        0.000      946.543      980.848
       0.158        0.000      946.543      980.848
       0.158        0.000      946.543      980.848
       0.175        0.000      946.543      980.848
       0.175        0.000      946.543      980.848
       0.175        0.000      946.543      980.848
       0.175        0.000      946.543      980.848
       0.175        0.000      946.543      980.848
       0.175        0.000      946.543      980.848
       0.175        0.000      946.543      980.848
       0.175        0.000      946.543      980.848
       0.175        0.000      946.543      980.848
       0.175        0.000      946.543      980.848
       0.192        0.000      946.543      980.848
       0.192        0.000      946.543      980.848
       0.192        0.000      946.543      980.848
       0.192        0.000      946.543      980.848
       0.192        0.000      946.543      980.848
       0.192        0.000      946.543      980.848
       0.192        0.000      946.543      980.848
       0.192        0.000      946.543      980.848
       0.192        0.000      946.543      980.848
       0.192        0.000      946.543      980.848
       0.208        0.000      946.543      980.848
       0.208        0.000      946.543      980.848
       0.208        0.000      946.543      980.848
       0.208        0.000      946.543      980.848
       0.208        0.000      946.543      980.848
       0.208        0.000      946.543      980.848
       0.208        0.000      946.543      980.848
       0.208        0.000      946.543      980.848
       0.208        0.000      946.543      980.848
       0.208        0.000      946.543      980.848
       0.225        0.000      946.543      980.848
       0.225        0.000      946.543      980.848
       0.225        0.000      946.543      980.848
       0.225        0.000      946.543      980.848
       0.225        0.000      946.543      980.848
       0.225        0.000      946.543      980.848
       0.225        0.000      946.543      980.848
       0.225        0.000      946.543      980.848
       0.225        0.000      946.543      980.848
       0.225        0.000      946.543      980.848
       0.241        0.000      946.543      980.848
       0.242        0.000      946.543      980.848
       0.242        0.000      946.543      980.848
       0.242        0.000      946.543      980.848
       0.242        0.000      946.543      980.848
       0.242        0.000      946.543      980.848
       0.242        0.000      946.543      980.848
       0.242        0.000      946.543      980.848
       0.242        0.000      946.543      980.848
       0.242        0.000      946.543      980.848
       0.257        0.000      946.543      980.848
       0.258        0.000      946.543      980.848
       0.258        0.000      946.543      980.848
       0.258        0.000      946.543      980.848
       0.258        0.000      946.543      980.848
       0.258        0.000      946.543      980.848
       0.258        0.000      946.543      980.848
       0.258        0.000      946.543      980.848
       0.258        0.000      946.543      980.848
       0.258        0.000      946.543      980.848
       0.258        0.000      946.543      980.848
       0.275        0.000      946.543      980.848
       0.275        0.000      946.543      980.848
       0.275        0.000      946.543      980.848
       0.275        0.000      946.543      980.848
       0.275        0.000      946.543      980.848
       0.275        0.000      946.543      980.848
       0.275        0.000      946.543      980.848
       0.275        0.000      946.543      980.848
       0.275        0.000      946.543      980.848
       0.291        0.000      946.543      980.848
       0.292        0.000      946.543      980.848
       0.292        0.000      946.543      980.848
       0.292        0.000      946.543      980.848
       0.292        0.000      946.543      980.848
       0.292        0.000      946.543      980.848
       0.292        0.000      946.543      980.848
       0.292        0.000      946.543      980.848
       0.307        0.000      946.543      980.848
       0.307        0.000      946.543      980.848
       0.307        0.000      946.543      980.848
       0.307        0.000      946.543      980.848
       0.307        0.000      946.543      980.848
       0.307        0.000      946.543      980.848
       0.323        0.000      946.543      980.848
       0.325        0.000      946.543      980.848
       0.325        0.000      946.543      980.848
       0.325        0.000      946.543      980.848
       0.325        0.000      946.543      980.848
       0.325        0.000      946.543      980.848
       0.325        0.000      946.543      980.848
       0.341        0.000      946.543      980.848
       0.342        0.000      946.543      980.848
       0.342        0.000      946.543      980.848
       0.342        0.000      946.543      980.848
       0.342        0.000      946.543      980.848
       0.342        0.000      946.543      980.848
       0.342        0.000      946.543      980.848
       0.358        0.000      946.543      980.848
       0.361        0.000      946.543      980.848
       0.362        0.000      946.543      980.848
       0.362        0.000      946.543      980.848
       0.362        0.000      946.543      980.848
       0.370        0.000      946.543      980.848
       0.370        0.000      946.543      980.848
       0.370        0.000      946.543      980.848
       0.378        0.000      946.543      980.848
       0.379        0.000      946.543      980.848
       0.379        0.000      946.543      980.848
       0.386        0.000      946.543      980.848
       0.386        0.000      946.543      980.848
       0.391        0.000      946.543      980.848
       0.394        0.000      946.543      980.848
       0.394        0.000      946.543      980.848
       0.394        0.000      946.543      980.848
       0.394        0.000      946.543      980.848
       0.394        0.000      946.543      980.848
       0.394        0.000      946.543      980.848
       0.394        0.000      946.543      980.848
       0.394        0.000      946.543      980.848
       0.409        0.000      946.543      980.848
       0.410        0.000      946.543      980.848
       0.410        0.000      946.543      980.848
       0.410        0.000      946.543      980.848
       0.410        0.000      946.543      980.848
       0.410        0.000      946.543      980.848
       0.410        0.000      946.543      980.848
       0.410        0.000      946.543      980.848
       0.410        0.000      946.543      980.848
       0.425        0.000      946.543      980.848
       0.425        0.000      946.543      980.848
       0.425        0.000      946.543      980.848
       0.425        0.000      946.543      980.848
       0.425        0.000      946.543      980.848
       0.425        0.000      946.543      980.848
       0.425        0.000      946.543      980.848
       0.425      195.300      946.543      980.848
       0.441        0.000      946.543      980.848
       0.441        0.000      946.543      980.848
       0.441        0.000      946.543      980.848
       0.441        0.000      946.543      980.848
       0.441        0.000      946.543      980.848
       0.441        0.000      946.543      980.848
       0.441        0.000      946.543      980.848
       0.458        0.000      946.543      980.848
       0.458        0.000      946.543      980.848
       0.458        0.000      946.543      980.848
       0.458        0.000      946.543      980.848
       0.458        0.000      946.543      980.848
       0.458        0.000      946.543      980.848
       0.474        0.000      946.543      980.848
       0.475        0.000      946.543      980.848
       0.475        0.000      946.543      980.848
       0.475        0.000      946.543      980.848
       0.475        0.000      946.543      980.848
       0.475        0.000      946.543      980.848
       0.475        0.000      946.543      980.848
       0.492        0.000      946.543      980.848
       0.492        0.000      946.543      980.848
       0.492        0.000      946.543      980.848
       0.492        0.000      946.543      980.848
       0.492        0.000      946.543      980.848
       0.492        0.000      946.543      980.848
       0.492        0.000      946.543      980.848
       0.508        0.000      946.543      980.848
       0.508        0.000      946.543      980.848
       0.508        0.000      946.543      980.848
       0.508        0.000      946.543      980.848
       0.508        0.000      946.543      980.848
       0.508        0.000      946.543      980.848
       0.525        0.000      946.543      980.848
       0.525        0.000      946.543      980.848
       0.525        0.000      946.543      980.848
       0.525        0.000      946.543      980.848
       0.525        0.000      946.543      980.848
       0.525        0.000      946.543      980.848
       0.525        0.000      946.543      980.848
       0.525        0.000      946.543      980.848
       0.525        0.000      946.543      980.848
       0.543        0.000      946.543      980.848
       0.545        0.000      946.543      980.848
       0.545        0.000      946.543      980.848
       0.545        0.000      946.543      980.848
       0.545        0.000      946.543      980.848
       0.545        0.000      946.543      980.848
       0.558        0.000      946.543      980.848
       0.560        0.000      946.543      980.848
       0.561        0.000      946.543      980.848
       0.561        0.000      946.543      980.848
       0.561        0.000      946.543      980.848
       0.573        0.000      946.543      980.848
       0.575        0.000      946.543      980.848
       0.575        0.000      946.543      980.848
       0.575        0.000      946.543      980.848
       0.575        0.000      946.543      980.848
       0.575        0.000      946.543      980.848
       0.575      104.200      946.566      980.848
       0.593        0.000      946.566      980.848
       0.593        0.000      946.566      980.848
       0.593        0.000      946.570      980.848
       0.593        0.000      946.797      981.086
       0.593        0.000      946.809      981.086
       0.609        0.000      946.809      981.086
       0.609        0.000      946.867      981.141
       0.609        0.000      947.113      981.387
       0.609        0.000      947.113      981.387
       0.609        0.000      947.164      981.469
       0.609      100.800      947.289      981.469
       0.626        0.000      947.289      981.469
       0.626        0.000      947.461      981.645
       0.626        0.000      947.461      981.645
       0.626        0.000      947.480      981.672
       0.626        0.000      947.918      982.117
       0.626        0.000      947.922      982.117
       0.640      195.300      948.125      982.320
       0.641        0.000      948.180      982.371
       0.641        0.000      948.207      982.371
       0.641        0.000      948.207      982.371
       0.641        0.000      948.207      982.371
       0.641        0.000      948.207      982.371
       0.641        0.000      948.207      982.371
       0.641        0.000      948.207      982.371
       0.641      104.200      948.207      982.371
       0.658        0.000      948.207      982.371
       0.658        0.000      948.207      982.371
       0.658        0.000      948.207      982.371
       0.658        0.000      948.207      982.371
       0.658        0.000      948.207      982.371
       0.658        0.000      948.207      982.371
       0.658        0.000      948.207      982.371
       0.658        0.000      948.207      982.371
       0.658        0.000      948.207      982.371
       0.674        0.000      948.207      982.371
       0.676        0.000      948.207      982.371
       0.676        0.000      948.207      982.371
       0.676        0.000      948.207      982.371
       0.676        0.000      948.207      982.371
       0.676        0.000      948.207      982.371
       0.676        0.000      948.207      982.371
       0.676        0.000      948.207      982.371
       0.676        0.000      948.207      982.371
       0.676        0.000      948.207      982.371
       0.690        0.000      948.207      982.371
       0.692        0.000      948.207      982.371
       0.692        0.000      948.207      982.371
       0.692        0.000      948.207      982.371
       0.692        0.000      948.207      982.371
       0.692        0.000      948.207      982.371
       0.692        0.000      948.207      982.371
       0.692        0.000      948.207      982.371
       0.692        0.000      948.207      982.371
       0.692        0.000      948.211      982.371
       0.708        0.000      948.211      982.371
       0.708        0.000      948.211      982.371
       0.708        0.000      948.211      982.371
       0.708        0.000      948.211      982.371
       0.708        0.000      948.211      982.371
       0.708        0.000      948.211      982.371
       0.708        0.000      948.211      982.371
       0.708        0.000      948.211      982.371
       0.708        0.000      948.211      982.371
       0.724        0.000      948.211      982.371
       0.725        0.000      948.211      982.371
       0.725        0.000      948.211      982.371
       0.725        0.000      948.211      982.371
       0.725        0.000      948.211      982.371
       0.725        0.000      948.211      982.371
       0.725        0.000      948.211      982.371
       0.725        0.000      948.211      982.371
       0.725        0.000      948.211      982.371
       0.725        0.000      948.211      982.371
       0.742        0.000      948.211      982.371
       0.742        0.000      948.211      982.371
       0.742        0.000      948.211      982.371
       0.742        0.000      948.211      982.371
       0.742        0.000      948.211      982.371
       0.742        0.000      948.211      982.371
       0.742        0.000      948.211      982.371
       0.742        0.000      948.211      982.371
       0.742        0.000      948.211      982.371
       0.759        0.000      948.211      982.371
       0.759        0.000      948.211      982.371
       0.759        0.000      948.211      982.371
       0.759        0.000      948.211      982.371
       0.759        0.000      948.211      982.371
       0.759        0.000      948.211      982.371
       0.759        0.000      948.211      982.371
       0.759        0.000      948.211      982.371
       0.759        0.000      948.211      982.371
       0.775        0.000      948.211      982.371
       0.775        0.000      948.211      982.371
       0.775        0.000      948.211      982.371
       0.775        0.000      948.211      982.371
       0.775        0.000      948.211      982.371
       0.775        0.000      948.211      982.371
       0.775        0.000      948.211      982.371
       0.775        0.000      948.211      982.371
       0.775        0.000      948.211      982.371
       0.792        0.000      948.211      982.371
       0.792        0.000      948.211      982.371
       0.792        0.000      948.211      982.371
       0.792        0.000      948.211      982.371
       0.792        0.000      948.211      982.371
       0.792        0.000      948.211      982.371
       0.792        0.000      948.211      982.371
       0.792        0.000      948.211      982.371
       0.792        0.000      948.211      982.371
       0.808        0.000      948.211      982.371
       0.808        0.000      948.211      982.371
       0.808        0.000      948.211      982.371
       0.808        0.000      948.211      982.371
       0.808        0.000      948.211      982.371
       0.808        0.000      948.211      982.371
       0.808        0.000      948.211      982.371
       0.808        0.000      948.211      982.371
       0.808        0.000      948.211      982.371
       0.824        0.000      948.211      982.371
       0.825        0.000      948.211      982.371
       0.825        0.000      948.211      982.371
       0.825        0.000      948.211      982.371
       0.825        0.000      948.211      982.371
       0.825        0.000      948.211      982.371
       0.825        0.000      948.211      982.371
       0.825        0.000      948.211      982.371
       0.825        0.000      948.211      982.371
       0.825        0.000      948.211      982.371
       0.841        0.000      948.211      982.371
       0.841        0.000      948.211      982.371
       0.841        0.000      948.211      982.371
       0.841        0.000      948.211      982.371
       0.841        0.000      948.211      982.371
       0.841        0.000      948.211      982.371
       0.841        0.000      948.211      982.371
       0.841        0.000      948.211      982.371
       0.841        0.000      948.211      982.371
       0.857        0.000      948.211      982.371
       0.858        0.000      948.211      982.371
       0.858        0.000      948.211      982.371
       0.858        0.000      948.211      982.371
       0.858        0.000      948.211      982.371
       0.858        0.000      948.211      982.371
       0.858        0.000      948.211      982.371
       0.858        0.000      948.211      982.371
       0.858        0.000      948.211      982.371
       0.858        0.000      948.211      982.371
       0.858        0.000      948.211      982.371
       0.874        0.000      948.211      982.371
       0.874        0.000      948.211      982.371
       0.874        0.000      948.211      982.371
       0.874        0.000      948.211      982.371
       0.874        0.000      948.211      982.371
       0.874        0.000      948.211      982.371
       0.874        0.000      948.211      982.371
       0.874        0.000      948.211      982.371
       0.874        0.000      948.211      982.371
       0.889        0.000      948.211      982.371
       0.891        0.000      948.211      982.371
       0.891        0.000      948.211      982.371
       0.891        0.000      948.211      982.371
       0.891        0.000      948.211      982.371
       0.891        0.000      948.211      982.371
       0.891        0.000      948.211      982.371
       0.891        0.000      948.211      982.371
       0.891        0.000      948.211      982.371
       0.891        0.000      948.211      982.371
       0.891        0.000      948.211      982.371
       0.907        0.000      948.211      982.371
       0.907        0.000      948.211      982.371
       0.907        0.000      948.211      982.371
       0.907        0.000      948.211      982.371
       0.907        0.000      948.211      982.371
       0.907        0.000      948.211      982.371
       0.907        0.000      948.211      982.371
       0.907        0.000      948.211      982.371
       0.907        0.000      948.211      982.371
       0.907        0.000      948.211      982.371
       0.923        0.000      948.211      982.371
       0.923        0.000      948.211      982.371
       0.923        0.000      948.211      982.371
       0.923        0.000      948.211      982.371
       0.923        0.000      948.211      982.371
       0.923        0.000      948.211      982.371
       0.923        0.000      948.211      982.371
       0.923        0.000      948.211      982.371
       0.923        0.000      948.211      982.371
       0.923        0.000      948.211      982.371
       0.938        0.000      948.211      982.371
       0.938        0.000      948.211      982.371
       0.938        0.000      948.211      982.371
       0.938        0.000      948.211      982.371
       0.938        0.000      948.211      982.371
       0.938        0.000      948.211      982.371
       0.938        0.000      948.211      982.371
       0.938        0.000      948.211      982.371
       0.938        0.000      948.211      982.371
       0.938        0.000      948.211      982.371
       0.954        0.000      948.211      982.371
       0.954        0.000      948.211      982.371
       0.954        0.000      948.211      982.371
       0.954        0.000      948.211      982.371
       0.954        0.000      948.211      982.371
       0.954        0.000      948.211      982.371
       0.954        0.000      948.211      982.371
       0.954        0.000      948.211      982.371
       0.954       97.700      948.211      982.371
       0.969        0.000      948.211      982.371
       0.969        0.000      948.211      982.371
       0.969        0.000      948.211      982.371
       0.969        0.000      948.211      982.371
       0.969        0.000      948.211      982.371
       0.969        0.000      948.211      982.371
       0.969        0.000      948.211      982.371
       0.969        0.000      948.211      982.371
       0.969        0.000      948.211      982.371
       0.985        0.000      948.211      982.371
       0.985        0.000      948.211      982.371
       0.985        0.000      948.211      982.371
       0.985        0.000      948.211      982.371
       0.992        0.000      948.211      982.371
       0.993        0.000      948.211      982.371
       0.993        0.000      948.211      982.371
       0.993        0.000      948.211      982.371
       0.993        0.000      948.211      982.371
       0.993        0.000      948.211      982.371
       0.993        0.000      948.211      982.371
       0.993        0.000      948.211      982.371
       0.993        0.000      948.211      982.371
       1.008        0.000      948.211      982.371
       1.008        0.000      948.211      982.371
       1.008        0.000      948.211      982.371
       1.008        0.000      948.211      982.371
       1.008        0.000      948.211      982.371
       1.008        0.000      948.211      982.371
       1.008        0.000      948.211      982.371
       1.008        0.000      948.211      982.371
       1.025        0.000      948.211      982.371
       1.025        0.000      948.211      982.371
       1.025        0.000      948.211      982.371
       1.025        0.000      948.211      982.371
       1.025        0.000      948.211      982.371
       1.025      104.200      948.211      982.371
       1.041        0.000      948.211      982.371
       1.041        0.000      948.211      982.371
       1.041        0.000      948.211      982.371
       1.041        0.000      948.211      982.371
       1.041        0.000      948.211      982.371
       1.041       97.700      948.211      982.371
       1.058        0.000      948.211      982.371
       1.058        0.000      948.211      982.371
       1.058        0.000      948.211      982.371
       1.058        0.000      948.211      982.371
       1.058        0.000      948.457      982.617
       1.058      195.300      948.457      982.617
       1.074        0.000      948.461      982.617
       1.075        0.000      948.465      982.617
       1.075      208.300      948.559      982.703
       1.084        0.000      948.625      982.730
       1.084        0.000      948.645      982.730
       1.084        0.000      948.832      982.918
       1.091        0.000      948.832      982.918
       1.091        0.000      948.832      982.918
       1.091        0.000      948.859      982.984
       1.091        0.000      948.859      982.984
       1.091        0.000      948.859      982.984
       1.091        0.000      948.859      982.984
       1.091        0.000      948.859      982.984
       1.108        0.000      948.859      982.984
       1.108        0.000      948.859      982.984
       1.108        0.000      948.859      982.984
       1.108        0.000      948.859      982.984
       1.108        0.000      948.859      982.984
       1.108        0.000      948.859      982.984
       1.108        0.000      948.859      982.984
       1.108        0.000      948.859      982.984
       1.108        0.000      948.859      982.984
       1.123        0.000      948.859      982.984
       1.123        0.000      948.859      982.984
       1.123        0.000      948.859      982.984
       1.123        0.000      948.859      982.984
       1.123        0.000      948.859      982.984
       1.123        0.000      948.859      982.984
       1.123        0.000      948.859      982.984
       1.123        0.000      948.859      982.984
       1.123        0.000      948.859      982.984
       1.140        0.000      948.859      982.984
       1.141        0.000      948.859      982.984
       1.141        0.000      948.859      982.984
       1.141        0.000      948.859      982.984
       1.141        0.000      948.859      982.984
       1.141        0.000      948.859      982.984
       1.141        0.000      948.859      982.984
       1.141        0.000      948.859      982.984
       1.141        0.000      948.859      982.984
       1.141        0.000      948.859      982.984
       1.157      104.200      948.859      982.984
       1.157        0.000      948.859      982.984
       1.157        0.000      948.859      982.984
       1.157        0.000      948.859      982.984
       1.157        0.000      948.859      982.984
       1.157        0.000      948.859      982.984
       1.157        0.000      948.859      982.984
       1.157        0.000      948.859      982.984
       1.157        0.000      948.859      982.984
       1.157        0.000      948.859      982.984
       1.174        0.000      948.859      982.984
       1.175        0.000      948.859      982.984
       1.175        0.000      948.859      982.984
       1.175        0.000      948.859      982.984
       1.175        0.000      948.859      982.984
       1.175        0.000      948.859      982.984
       1.175        0.000      948.859      982.984
       1.175        0.000      948.859      982.984
       1.175        0.000      948.859      982.984
       1.175        0.000      948.859      982.984
       1.175        0.000      948.859      982.984
       1.190        0.000      948.859      982.984
       1.190        0.000      948.859      982.984
       1.190        0.000      948.859      982.984
       1.190        0.000      948.859      982.984
       1.190        0.000      948.859      982.984
       1.190        0.000      948.859      982.984
       1.190        0.000      948.859      982.984
       1.190        0.000      948.859      982.984
       1.190        0.000      948.859      982.984
       1.190        0.000      948.859      982.984
       1.207        0.000      948.859      982.984
       1.207        0.000      948.859      982.984
       1.207        0.000      948.859      982.984
       1.207        0.000      948.859      982.984
       1.207        0.000      948.859      982.984
       1.207        0.000      948.859      982.984
       1.207        0.000      948.859      982.984
       1.207        0.000      948.859      982.984
       1.207        0.000      948.859      982.984
       1.207        0.000      948.859      982.984
       1.207        0.000      948.859      982.984
       1.224        0.000      948.859      982.984
       1.226        0.000      948.859      982.984
       1.228        0.000      948.859      982.984
       1.230        0.000      948.859      982.984
       1.232        0.000      948.859      982.984
       1.234      104.200      948.859      982.984
       1.237        0.000      948.859      982.984
       1.243        0.000      948.863      982.984
       1.246        0.000      948.863      982.984
       1.250       97.700      948.863      982.984
       1.254        0.000      948.875      982.984
       1.258        0.000      948.879      983.012
       1.258        0.000      948.879      983.012
       1.258        0.000      948.879      983.012
       1.266        0.000      948.879      983.012
       1.269        0.000      948.879      983.012
       1.271        0.000      948.887      983.012
       1.274        0.000      948.887      983.012
       1.277        0.000      948.887      983.012
       1.279        0.000      948.891      983.012
       1.279      416.700      949.012      983.180
       1.283        0.000      949.312      983.480
       1.287        0.000      949.516      983.680
       1.290        0.000      949.723      983.883
       1.294        0.000      949.816      983.938
       1.294        0.000      949.816      983.938
       1.294        0.000      949.816      983.938
       1.294        0.000      950.070      984.184
       1.294        0.000      950.074      984.184
       1.294        0.000      950.371      984.480
       1.294      195.300      950.438      984.539
       1.308        0.000      950.535      984.789
       1.308        0.000      950.699      984.980
       1.308        0.000      950.699      984.980
       1.308        0.000      950.758      984.980
       1.308        0.000      950.758      984.980
       1.308      488.300      950.781      985.043
       1.325      625.000      950.785      985.043
       1.329        0.000      951.125      985.383
       1.331        0.000      951.125      985.383
       1.335        0.000      951.500      985.754
       1.335        0.000      951.512      985.754
       1.335        0.000      951.543      985.754
       1.342      390.600      951.559      985.754
       1.346        0.000      951.953      986.148
       1.348        0.000      951.980      986.176
       1.351        0.000      952.207      986.367
       1.353        0.000      952.562      986.602
       1.356        0.000      952.828      986.832
       1.359      312.500      953.320      987.457
       1.360        0.000      953.973      988.141
       1.360        0.000      953.977      988.141
       1.360        0.000      954.031      988.141
       1.360        0.000      954.039      988.141
       1.360      585.900      954.078      988.211
       1.378        0.000      954.078      988.211
       1.382        0.000      954.078      988.211
       1.384        0.000      954.078      988.211
       1.384        0.000      954.109      988.211
       1.384      195.300      954.129      988.211
       1.392        0.000      954.297      988.395
       1.392        0.000      954.512      988.512
       1.392        0.000      954.512      988.512
       1.392        0.000      954.512      988.512
       1.392        0.000      954.512      988.512
       1.392        0.000      954.512      988.512
       1.392        0.000      954.512      988.512
       1.392      104.200      954.512      988.512
       1.408        0.000      954.789      988.789
       1.408        0.000      954.789      988.789
       1.408        0.000      954.789      988.789
       1.408        0.000      954.789      988.789
       1.408        0.000      954.805      988.789
       1.408        0.000      954.805      988.789
       1.408        0.000      954.805      988.789
       1.408      195.300      954.816      988.789
       1.424        0.000      954.824      988.789
       1.424        0.000      954.824      988.789
       1.424        0.000      954.824      988.789
       1.424        0.000      954.836      988.789
       1.424        0.000      955.824      989.766
       1.424        0.000      955.824      989.766
       1.424        0.000      955.824      989.766
       1.424      195.300      955.824      989.766
       1.439        0.000      955.824      989.766
       1.439        0.000      955.824      989.766
       1.439        0.000      955.824      989.766
       1.439        0.000      955.824      989.766
       1.448        0.000      955.953      990.504
       1.450        0.000      957.004      990.934
       1.451        0.000      957.004      990.934
       1.451        0.000      957.004      990.934
       1.451      208.300      957.004      990.934
       1.459        0.000      957.004      990.934
       1.459        0.000      957.004      990.934
       1.459        0.000      957.004      990.934
       1.459        0.000      957.004      990.934
       1.459        0.000      957.020      990.934
       1.459        0.000      957.141      991.055
       1.459        0.000      957.191      991.055
       1.459      195.300      957.191      991.055
       1.475        0.000      957.191      991.055
       1.477        0.000      957.191      991.055
       1.478        0.000      957.191      991.055
       1.478        0.000      957.211      991.055
       1.484      312.500      957.238      991.055
       1.486        0.000      957.258      991.117
       1.489        0.000      957.293      991.117
       1.493        0.000      957.379      991.117
       1.495      390.600      957.559      991.238
       1.501        0.000      957.652      992.242
       1.505        0.000      957.680      992.309
       1.510        0.000      957.688      992.309
       1.513        0.000      957.688      992.309
       1.516      195.300      957.703      992.309
       1.519        0.000      957.730      992.309
       1.521        0.000      958.449      993.418
       1.525        0.000      957.742      992.309
       1.527        0.000      957.742      992.309
       1.527        0.000      958.832      994.906
       1.527      520.800      959.625      994.906
       1.536        0.000      960.305      994.906
       1.541        0.000      958.055      992.617
       1.544        0.000      959.133      994.039
       1.546        0.000      958.418      992.930
       1.546      293.000      958.422      992.930
       1.553        0.000      958.660      995.527
       1.556        0.000      959.492      995.527
       1.559        0.000      960.109      995.527
       1.563        0.000      960.707      995.527
       1.563      195.300      961.172      995.691
       1.568        0.000      958.590      994.203
       1.571        0.000      959.383      994.203
       1.575        0.000      958.586      993.094
       1.577        0.000      958.750      995.691
       1.578        0.000      959.676      995.691
       1.578      520.800      960.645      995.691
       1.586        0.000      961.461      995.984
       1.587        0.000      958.996      994.496
       1.587        0.000      959.641      994.496
       1.592      293.000      958.875      993.387
       1.594        0.000      958.875      993.387
       1.594        0.000      959.785      995.984
       1.594        0.000      960.340      995.984
       1.602        0.000      960.836      995.984
       1.602        0.000      961.379      995.984
       1.608      312.500      958.914      993.387
       1.611        0.000      959.652      994.496
       1.612        0.000      958.914      993.387
       1.618        0.000      958.914      993.387
       1.618        0.000      959.906      995.984
       1.624      390.600      960.375      995.984
       1.626        0.000      960.750      995.984
       1.626        0.000      961.094      995.984
       1.626        0.000      961.504      995.984
       1.626        0.000      958.918      993.387
       1.635        0.000      959.652      994.496
       1.635        0.000      959.727      994.496
       1.635      195.300      958.930      993.387
       1.642        0.000      959.180      995.984
       1.644        0.000      960.055      995.984
       1.644        0.000      960.734      995.984
       1.644        0.000      961.359      995.984
       1.650        0.000      958.930      993.387
       1.650        0.000      959.660      994.496
       1.650      104.200      958.930      993.387
       1.657        0.000      958.930      993.387
       1.660        0.000      959.297      995.984
       1.660        0.000      960.180      995.984
       1.660        0.000      960.812      995.984
       1.666        0.000      961.484      995.984
       1.666        0.000      958.930      993.387
       1.666        0.000      959.676      994.496
       1.673      195.300      958.930      993.387
       1.674        0.000      958.930      993.387
       1.674        0.000      959.234      995.984
       1.674        0.000      960.086      995.984
       1.681        0.000      960.457      995.984
       1.683        0.000      960.836      995.984
       1.683        0.000      961.184      995.984
       1.683      195.300      961.520      995.984
       1.688        0.000      959.570      994.496
       1.690        0.000      959.699      994.496
       1.691        0.000      958.930      993.387
       1.691        0.000      958.930      993.387
       1.696        0.000      959.398      995.984
       1.697        0.000      960.223      995.984
       1.697        0.000      960.891      995.984
       1.697      208.300      961.520      995.984
       1.704        0.000      958.930      993.387
       1.706        0.000      959.676      994.496
       1.707        0.000      958.930      993.387
       1.707        0.000      958.930      993.387
       1.713        0.000      959.191      995.984
       1.715        0.000      960.031      995.984
       1.715        0.000      960.699      995.984
       1.715        0.000      961.320      995.984
       1.721        0.000      958.930      995.984
       1.723        0.000      959.648      994.496
       1.724        0.000      959.727      994.496
       1.724        0.000      958.930      993.387
       1.729        0.000      958.930      993.387
       1.731        0.000      959.766      995.984
       1.731        0.000      960.434      995.984
       1.731        0.000      961.121      995.984
       1.731      416.700      961.520      995.984
       1.737        0.000      959.125      994.496
       1.740        0.000      959.680      994.496
       1.741        0.000      958.930      993.387
       1.741        0.000      958.930      993.387
       1.746        0.000      959.359      995.984
       1.749      585.900      960.254      995.984
       1.751        0.000      960.922      995.984
       1.754        0.000      961.527      995.984
       1.758        0.000      959.719      994.496
       1.762        0.000      959.047      993.453
       1.764      293.000      959.062      993.453
       1.766        0.000      959.645      996.051
       1.768        0.000      960.355      996.051
       1.770        0.000      960.727      996.051
       1.770        0.000      961.109      996.051
       1.770        0.000      961.652      996.051
       1.777        0.000      959.461      994.809
       1.777        0.000      960.113      994.809
       1.777      312.500      959.637      994.004
       1.785        0.000      959.637      994.004
       1.786        0.000      960.527      996.602
       1.786        0.000      960.988      996.660
       1.786        0.000      961.629      996.660
       1.794        0.000      962.242      996.660
       1.797        0.000      959.684      996.660
       1.797        0.000      960.496      995.289
       1.797        0.000      960.789      995.590
       1.797        0.000      960.418      995.020
       1.797      195.300      961.199      995.820
       1.808        0.000      961.355      996.000
       1.810        0.000      961.816      998.656
       1.810        0.000      962.449      998.656
       1.810        0.000      962.957      998.656
       1.817        0.000      964.906      999.371
       1.821        0.000      962.859      997.883
       1.823        0.000      963.172      997.883
       1.823        0.000      962.492      996.773
       1.823        0.000      963.270      997.551
       1.823        0.000      964.301     1000.270
       1.823        0.000      965.012     1000.270
       1.823        0.000      966.629     1001.691
       1.836      416.700      965.113      999.898
       1.838        0.000      965.328      999.953
       1.843      195.300      965.531     1000.074
       1.846        0.000      965.621     1000.074
       1.849        0.000      965.645     1000.074
       1.852        0.000      965.695     1000.074
       1.855        0.000      965.719     1000.074
       1.857        0.000      966.598     1000.941
       1.857      208.300      966.898     1001.324
       1.864        0.000      966.926     1001.324
       1.866        0.000      966.977     1001.414
       1.867        0.000      967.918     1002.316
       1.871        0.000      967.930     1002.316
       1.874      195.300      967.930     1002.316
       1.877        0.000      967.957     1002.316
       1.880        0.000      967.957     1002.316
       1.882        0.000      968.922     1003.281
       1.885        0.000      968.945     1003.375
       1.888        0.000      969.016     1003.375
       1.891      195.300      969.020     1003.375
       1.893        0.000      970.027     1004.387
       1.894        0.000      969.020     1003.375
       1.894        0.000      969.020     1003.375
       1.902        0.000      969.020     1003.375
       1.904      104.200      969.020     1003.375
       1.907        0.000      969.020     1003.375
       1.908        0.000      969.020     1003.375
       1.908        0.000      969.148     1003.527
       1.908        0.000      969.148     1003.527
       1.908        0.000      969.148     1003.527
       1.908        0.000      969.156     1003.773
       1.908        0.000      969.395     1003.773
       1.908       97.700      969.648     1004.363
       1.924        0.000      969.723     1004.363
       1.925        0.000      969.727     1004.363
       1.925        0.000      969.910     1004.543
       1.925        0.000      970.090     1004.812
       1.925        0.000      970.242     1004.902
       1.925        0.000      970.391     1004.992
       1.925        0.000      970.543     1005.172
       1.925       97.700      970.672     1005.262
       1.941        0.000      970.801     1005.441
       1.941        0.000      970.840     1005.441
       1.941        0.000      970.848     1005.441
       1.941        0.000      970.848     1005.441
       1.941        0.000      970.848     1005.441
       1.941        0.000      970.848     1005.441
       1.941        0.000      970.848     1005.441
       1.941        0.000      970.848     1005.441
       1.941      104.200      971.930     1006.543
       1.956        0.000      971.930     1006.543
       1.956        0.000      971.934     1006.543
       1.956        0.000      971.934     1006.543
       1.956        0.000      971.934     1006.543
       1.956        0.000      971.934     1006.543
       1.956        0.000      971.934     1006.543
       1.956        0.000      971.934     1006.543
       1.956       97.700      971.934     1006.543
       1.973        0.000      971.934     1006.543
       1.975        0.000      971.934     1006.543
       1.975        0.000      971.934     1006.543
       1.975        0.000      971.934     1006.543
       1.975        0.000      971.934     1006.543
       1.975        0.000      971.934     1006.543
       1.975        0.000      971.934     1006.543
       1.975        0.000      971.934     1006.543
       1.975        0.000      971.934     1006.543
       1.975      104.200      971.934     1006.543
       1.991        0.000      971.934     1006.543
       1.992        0.000      971.934     1006.543
       1.992        0.000      971.934     1006.543
       1.992        0.000      971.934     1006.543
       1.998      195.300      972.523     1007.133
       2.000        0.000      972.523     1007.133
       2.000        0.000      972.531     1007.133
       2.000        0.000      972.531     1007.133
       2.007        0.000      972.531     1007.133
       2.009        0.000      972.531     1007.133
       2.009        0.000      972.562     1007.133
       2.009        0.000      973.449     1008.105
       2.009        0.000      973.508     1008.105
       2.009        0.000      973.531     1008.105
       2.009        0.000      973.574     1008.258
       2.009        0.000      973.605     1008.258
       2.009       97.700      973.629     1008.258
       2.023        0.000      973.664     1008.258
       2.024        0.000      973.707     1008.410
       2.024        0.000      973.781     1008.410
       2.024        0.000      973.844     1008.562
       2.024        0.000      973.922     1008.562
       2.024        0.000      974.012     1008.715
       2.024        0.000      974.074     1008.715
       2.024        0.000      974.137     1008.715
       2.024        0.000      974.188     1008.871
       2.040      104.200      974.234     1008.871
       2.041        0.000      974.277     1008.871
       2.041        0.000      974.387     1009.023
       2.041        0.000      974.477     1009.176
       2.041       97.700      976.605     1011.812
       2.049        0.000      977.109     1011.812
       2.050        0.000      977.109     1011.812
       2.051        0.000      977.109     1011.812
       2.051        0.000      977.109     1011.812
       2.051        0.000      977.109     1011.812
       2.059        0.000      977.129     1011.812
       2.061      390.600      977.137     1011.812
       2.063        0.000      977.145     1011.812
       2.066        0.000      977.145     1011.812
       2.068        0.000      977.148     1011.812
       2.071        0.000      977.148     1011.812
       2.073        0.000      977.148     1011.812
       2.076        0.000      977.152     1011.812
       2.078      208.300      977.152     1011.812
       2.080        0.000      977.160     1011.812
       2.082        0.000      977.488     1011.812
       2.084        0.000      977.488     1011.812
       2.084        0.000      977.586     1011.992
       2.084        0.000      977.586     1011.992
       2.091        0.000      976.156     1012.457
       2.091        0.000      978.059     1012.457
       2.091        0.000      978.059     1012.457
       2.091        0.000      978.059     1012.457
       2.091        0.000      978.059     1012.457
       2.091        0.000      978.059     1012.457
       2.091        0.000      978.059     1012.457
       2.091        0.000      978.059     1012.457
       2.091       97.700      978.059     1012.457
       2.108        0.000      978.059     1012.457
       2.108        0.000      978.059     1012.457
       2.108        0.000      978.105     1012.457
       2.108      104.200      978.117     1012.457
       2.116        0.000      978.117     1012.457
       2.116        0.000      978.117     1012.457
       2.116        0.000      978.133     1012.641
       2.116        0.000      978.133     1012.641
       2.123        0.000      978.133     1012.641
       2.124        0.000      978.133     1012.641
       2.124        0.000      978.133     1012.641
       2.124        0.000      978.133     1012.641
       2.124        0.000      978.133     1012.641
       2.124        0.000      978.465     1013.004
       2.124        0.000      978.500     1013.004
       2.124        0.000      975.695     1013.090
       2.124       97.700      978.188     1013.090
       2.141        0.000      978.617     1013.090
       2.141        0.000      978.617     1013.090
       2.141        0.000      978.617     1013.090
       2.141        0.000      978.617     1013.090
       2.141        0.000      978.617     1013.090
       2.141        0.000      978.617     1013.090
       2.141        0.000      978.617     1013.090
       2.141      104.200      978.617     1013.090
       2.157        0.000      978.617     1013.090
       2.158        0.000      978.617     1013.090
       2.158        0.000      978.625     1013.090
       2.158        0.000      978.629     1013.090
       2.158        0.000      978.723     1013.090
       2.158        0.000      978.723     1013.090
       2.158        0.000      978.723     1013.090
       2.158        0.000      978.727     1013.090
       2.158        0.000      978.727     1013.090
       2.158       97.700      978.727     1013.090
       2.174        0.000      978.727     1013.090
       2.174        0.000      978.727     1013.090
       2.174        0.000      978.727     1013.090
       2.174        0.000      978.727     1013.090
       2.174        0.000      979.102     1013.457
       2.174        0.000      979.355     1013.820
       2.174        0.000      979.465     1013.820
       2.174        0.000      979.738     1014.188
       2.174       97.700      979.820     1014.371
       2.190        0.000      980.059     1014.555
       2.191        0.000      980.285     1014.738
       2.191        0.000      980.285     1014.738
       2.191        0.000      980.285     1014.738
       2.191        0.000      980.289     1014.738
       2.191        0.000      977.262     1011.734
       2.202        0.000      977.285     1011.734
       2.202        0.000      977.344     1011.797
       2.202        0.000      977.344     1011.797
       2.202        0.000      977.414     1011.980
       2.202        0.000      977.484     1011.980
       2.202        0.000      977.648     1012.109
       2.202        0.000      977.648     1012.109
       2.202        0.000      977.648     1012.109
       2.202        0.000      977.648     1012.109
       2.219        0.000      977.648     1012.109
       2.219        0.000      977.648     1012.109
       2.219        0.000      977.648     1012.109
       2.223        0.000      977.648     1012.109
       2.224        0.000      977.648     1012.109
       2.224        0.000      977.648     1012.109
       2.224        0.000      977.648     1012.109
       2.224        0.000      977.648     1012.109
       2.224        0.000      977.648     1012.109
       2.224        0.000      977.648     1012.109
       2.224        0.000      977.648     1012.109
       2.224        0.000      977.648     1012.109
       2.224        0.000      977.648     1012.109
       2.240        0.000      977.648     1012.109
       2.241        0.000      977.648     1012.109
       2.241        0.000      977.648     1012.109
       2.241        0.000      977.648     1012.109
       2.241        0.000      977.648     1012.109
       2.241        0.000      977.648     1012.109
       2.241        0.000      977.648     1012.109
       2.241        0.000      977.648     1012.109
       2.241        0.000      977.648     1012.109
       2.241       97.700      977.648     1012.109
       2.257        0.000      977.648     1012.109
       2.259        0.000      977.648     1012.109
       2.260        0.000      977.648     1012.109
       2.260        0.000      977.648     1012.109
       2.260        0.000      977.648     1012.109
       2.260        0.000      977.648     1012.109
       2.260        0.000      977.648     1012.109
       2.260        0.000      977.648     1012.109
       2.260        0.000      977.648     1012.109
       2.260        0.000      977.648     1012.109
       2.273        0.000      977.648     1012.109
       2.274        0.000      977.648     1012.109
       2.274        0.000      977.648     1012.109
       2.274        0.000      977.648     1012.109
       2.274        0.000      977.648     1012.109
       2.274      104.200      977.648     1012.109
       2.284        0.000      977.648     1012.109
       2.285        0.000      977.648     1012.109
       2.285        0.000      977.648     1012.109
       2.285        0.000      977.648     1012.109
       2.291        0.000      977.648     1012.109
       2.291        0.000      977.648     1012.109
       2.291        0.000      977.648     1012.109
       2.291        0.000      977.648     1012.109
       2.291        0.000      977.648     1012.109
       2.291        0.000      977.648     1012.109
       2.291        0.000      977.648     1012.109
       2.291        0.000      977.648     1012.109
       2.291        0.000      977.648     1012.109
       2.291        0.000      977.648     1012.109
       2.307        0.000      977.648     1012.109
       2.307        0.000      977.648     1012.109
       2.307        0.000      977.648     1012.109
       2.307        0.000      977.648     1012.109
       2.307        0.000      977.648     1012.109
       2.307        0.000      977.648     1012.109
       2.307        0.000      977.648     1012.109
       2.307        0.000      977.648     1012.109
       2.307        0.000      977.648     1012.109
       2.307        0.000      977.648     1012.109
       2.325        0.000      977.648     1012.109
       2.325        0.000      977.648     1012.109
       2.325        0.000      977.648     1012.109
       2.325        0.000      977.648     1012.109
       2.325        0.000      977.648     1012.109
       2.325        0.000      977.648     1012.109
       2.325        0.000      977.648     1012.109
       2.325        0.000      977.648     1012.109
       2.325        0.000      977.648     1012.109
       2.325        0.000      977.648     1012.109
       2.341        0.000      977.648     1012.109
       2.341        0.000      977.648     1012.109
       2.341        0.000      977.648     1012.109
       2.341        0.000      977.648     1012.109
       2.348        0.000      977.648     1012.109
       2.350        0.000      977.648     1012.109
       2.353        0.000      977.648     1012.109
       2.356        0.000      977.648     1012.109
       2.359      104.200      977.648     1012.109
       2.362        0.000      977.648     1012.109
       2.365        0.000      977.648     1012.109
       2.367        0.000      977.648     1012.109
       2.369        0.000      977.648     1012.109
       2.371        0.000      977.648     1012.109
       2.374        0.000      977.648     1012.109
       2.377        0.000      977.648     1012.109
       2.378        0.000      977.648     1012.109
       2.378        0.000      977.648     1012.109
       2.378        0.000      977.648     1012.109
       2.378        0.000      977.648     1012.109
       2.378        0.000      977.648     1012.109
       2.378        0.000      977.648     1012.109
       2.393        0.000      977.648     1012.109
       2.395        0.000      977.648     1012.109
       2.398        0.000      977.648     1012.109
       2.400        0.000      977.648     1012.109
       2.403        0.000      977.648     1012.109
       2.405        0.000      977.648     1012.109
       2.408        0.000      977.648     1012.109
       2.411        0.000      977.648     1012.109
       2.418        0.000      977.648     1012.109
       2.422        0.000      977.648     1012.109
       2.424        0.000      977.648     1012.109
       2.424        0.000      977.648     1012.109
       2.424        0.000      977.648     1012.109
       2.424        0.000      977.648     1012.109
       2.424        0.000      977.648     1012.109
       2.424        0.000      977.648     1012.109
       2.424        0.000      977.648     1012.109
       2.424        0.000      977.648     1012.109
       2.441        0.000      977.648     1012.109
       2.441        0.000      977.648     1012.109
       2.441        0.000      977.648     1012.109
       2.441        0.000      977.648     1012.109
       2.441        0.000      977.648     1012.109
       2.441        0.000      977.648     1012.109
       2.441        0.000      977.648     1012.109
       2.441        0.000      977.648     1012.109
       2.441        0.000      977.648     1012.109
       2.457        0.000      977.648     1012.109
       2.458        0.000      977.648     1012.109
       2.458        0.000      977.648     1012.109
       2.458        0.000      977.648     1012.109
       2.458        0.000      977.648     1012.109
       2.458        0.000      977.648     1012.109
       2.458        0.000      977.648     1012.109
       2.458        0.000      977.648     1012.109
       2.458        0.000      977.648     1012.109
       2.472        0.000      977.648     1012.109
       2.476        0.000      977.652     1012.109
       2.481      104.200      977.656     1012.109
       2.485        0.000      977.656     1012.109
       2.488        0.000      977.656     1012.109
       2.492        0.000      977.656     1012.109
       2.497        0.000      977.656     1012.109
       2.500        0.000      977.656     1012.109
       2.503        0.000      977.656     1012.109
       2.505        0.000      977.656     1012.109
       2.507        0.000      977.656     1012.109
       2.510        0.000      977.656     1012.109
       2.510        0.000      977.656     1012.109
       2.510        0.000      977.656     1012.109
       2.510        0.000      977.656     1012.109
       2.510        0.000      977.656     1012.109
       2.510        0.000      977.656     1012.109
       2.510        0.000      977.656     1012.109
       2.510        0.000      977.656     1012.109
       2.510        0.000      977.656     1012.109
       2.526        0.000      977.656     1012.109
       2.526        0.000      977.656     1012.109
       2.526        0.000      977.656     1012.109
       2.526        0.000      977.656     1012.109
       2.526        0.000      977.656     1012.109
       2.526        0.000      977.656     1012.109
       2.526        0.000      977.656     1012.109
       2.526        0.000      977.656     1012.109
       2.541        0.000      977.656     1012.109
       2.541        0.000      977.656     1012.109
       2.541        0.000      977.656     1012.109
       2.541        0.000      977.656     1012.109
       2.541        0.000      977.656     1012.109
       2.541        0.000      977.656     1012.109
       2.541        0.000      977.656     1012.109
       2.541        0.000      977.656     1012.109
       2.541        0.000      977.656     1012.109
       2.541        0.000      977.656     1012.109
       2.558        0.000      977.656     1012.109
       2.558        0.000      977.656     1012.109
       2.558        0.000      977.656     1012.109
       2.558        0.000      977.656     1012.109
       2.558        0.000      977.656     1012.109
       2.558        0.000      977.656     1012.109
       2.558        0.000      977.656     1012.109
       2.558        0.000      977.656     1012.109
       2.558        0.000      977.656     1012.109
       2.574        0.000      977.656     1012.109
       2.574        0.000      977.656     1012.109
       2.574        0.000      977.656     1012.109
       2.574        0.000      977.656     1012.109
       2.574        0.000      977.656     1012.109
       2.574        0.000      977.656     1012.109
       2.574        0.000      977.656     1012.109
       2.574        0.000      977.656     1012.109
       2.574        0.000      977.656     1012.109
       2.574        0.000      977.656     1012.109
       2.592        0.000      977.656     1012.109
       2.592        0.000      977.656     1012.109
       2.592        0.000      977.656     1012.109
       2.592        0.000      977.656     1012.109
       2.592        0.000      977.656     1012.109
       2.592        0.000      977.656     1012.109
       2.592        0.000      977.656     1012.109
       2.592        0.000      977.656     1012.109
       2.592        0.000      977.656     1012.109
       2.607        0.000      977.656     1012.109
       2.607        0.000      977.656     1012.109
       2.607        0.000      977.656     1012.109
       2.607        0.000      977.656     1012.109
       2.607        0.000      977.656     1012.109
       2.607        0.000      977.656     1012.109
       2.607        0.000      977.656     1012.109
       2.607        0.000      977.656     1012.109
       2.607        0.000      977.656     1012.109
       2.607        0.000      977.656     1012.109
       2.624        0.000      977.656     1012.109
       2.624        0.000      977.656     1012.109
       2.624        0.000      977.656     1012.109
       2.624        0.000      977.656     1012.109
       2.624        0.000      977.656     1012.109
       2.624        0.000      977.656     1012.109
       2.624        0.000      977.656     1012.109
       2.624        0.000      977.656     1012.109
       2.624        0.000      977.656     1012.109
       2.640        0.000      977.656     1012.109
       2.640        0.000      977.656     1012.109
       2.640        0.000      977.656     1012.109
       2.640        0.000      977.656     1012.109
       2.640        0.000      977.656     1012.109
       2.640        0.000      977.656     1012.109
       2.640        0.000      977.656     1012.109
       2.640        0.000      977.656     1012.109
       2.640        0.000      977.656     1012.109
       2.640        0.000      977.656     1012.109
       2.656        0.000      977.656     1012.109
       2.656        0.000      977.656     1012.109
       2.656        0.000      977.656     1012.109
       2.656        0.000      977.656     1012.109
       2.656        0.000      977.656     1012.109
       2.656        0.000      977.656     1012.109
       2.656        0.000      977.656     1012.109
       2.656        0.000      977.656     1012.109
       2.656        0.000      977.656     1012.109
       2.671        0.000      977.656     1012.109
       2.673        0.000      977.656     1012.109
       2.675        0.000      977.656     1012.109
       2.676        0.000      977.656     1012.109
       2.676        0.000      977.656     1012.109
       2.676        0.000      977.656     1012.109
       2.676        0.000      977.656     1012.109
       2.676        0.000      977.656     1012.109
       2.676        0.000      977.656     1012.109
       2.676        0.000      977.656     1012.109
       2.676        0.000      977.656     1012.109
       2.676        0.000      977.656     1012.109
       2.676        0.000      977.656     1012.109
       2.692        0.000      977.656     1012.109
       2.692        0.000      977.656     1012.109
       2.692        0.000      977.656     1012.109
       2.692        0.000      977.656     1012.109
       2.692        0.000      977.656     1012.109
       2.692        0.000      977.656     1012.109
       2.692        0.000      977.656     1012.109
       2.692        0.000      977.656     1012.109
       2.692        0.000      977.656     1012.109
       2.707        0.000      977.656     1012.109
       2.709        0.000      977.656     1012.109
       2.709        0.000      977.656     1012.109
       2.709        0.000      977.656     1012.109
       2.709        0.000      977.656     1012.109
       2.709        0.000      977.656     1012.109
       2.709        0.000      977.656     1012.109
       2.709        0.000      977.656     1012.109
       2.709        0.000      977.656     1012.109
       2.709        0.000      977.656     1012.109
       2.709        0.000      977.656     1012.109
       2.725        0.000      977.656     1012.109
       2.725        0.000      977.656     1012.109
       2.725        0.000      977.656     1012.109
       2.725        0.000      977.656     1012.109
       2.725        0.000      977.656     1012.109
       2.725        0.000      977.656     1012.109
       2.725        0.000      977.656     1012.109
       2.725        0.000      977.656     1012.109
       2.725        0.000      977.656     1012.109
       2.725        0.000      977.656     1012.109
       2.741        0.000      977.656     1012.109
       2.742        0.000      977.656     1012.109
       2.742        0.000      977.656     1012.109
       2.742        0.000      977.656     1012.109
       2.742        0.000      977.656     1012.109
       2.742        0.000      977.656     1012.109
       2.742        0.000      977.656     1012.109
       2.742        0.000      977.656     1012.109
       2.742        0.000      977.656     1012.109
       2.742        0.000      977.656     1012.109
       2.742        0.000      977.656     1012.109
       2.759        0.000      977.656     1012.109
       2.759        0.000      977.656     1012.109
       2.759        0.000      977.656     1012.109
       2.759        0.000      977.656     1012.109
       2.759        0.000      977.656     1012.109
       2.759        0.000      977.656     1012.109
       2.759        0.000      977.656     1012.109
       2.759        0.000      977.656     1012.109
       2.759        0.000      977.656     1012.109
       2.759        0.000      977.656     1012.109
       2.774        0.000      977.656     1012.109
       2.775        0.000      977.656     1012.109
       2.775        0.000      977.656     1012.109
       2.775        0.000      977.656     1012.109
       2.775        0.000      977.656     1012.109
       2.775        0.000      977.656     1012.109
       2.775        0.000      977.656     1012.109
       2.775        0.000      977.656     1012.109
       2.775        0.000      977.656     1012.109
       2.775        0.000      977.656     1012.109
       2.775        0.000      977.656     1012.109
       2.791        0.000      977.656     1012.109
       2.791        0.000      977.656     1012.109
       2.791        0.000      977.656     1012.109
       2.791        0.000      977.656     1012.109
       2.791        0.000      977.656     1012.109
       2.791        0.000      977.656     1012.109
       2.791        0.000      977.656     1012.109
       2.791        0.000      977.656     1012.109
       2.791        0.000      977.656     1012.109
       2.807        0.000      977.656     1012.109
       2.808        0.000      977.656     1012.109
       2.808        0.000      977.656     1012.109
       2.808        0.000      977.656     1012.109
       2.808        0.000      977.656     1012.109
       2.808        0.000      977.656     1012.109
       2.808        0.000      977.656     1012.109
       2.808        0.000      977.656     1012.109
       2.808        0.000      977.656     1012.109
       2.808        0.000      977.656     1012.109
       2.808        0.000      977.656     1012.109
       2.824        0.000      977.656     1012.109
       2.825        0.000      977.656     1012.109
       2.825        0.000      977.656     1012.109
       2.825        0.000      977.656     1012.109
       2.825        0.000      977.656     1012.109
       2.825        0.000      977.656     1012.109
       2.825        0.000      977.656     1012.109
       2.825        0.000      977.656     1012.109
       2.825        0.000      977.656     1012.109
       2.825        0.000      977.656     1012.109
       2.840        0.000      977.656     1012.109
       2.842        0.000      977.656     1012.109
       2.843        0.000      977.656     1012.109
       2.845        0.000      977.656     1012.109
       2.847        0.000      977.656     1012.109
       2.849        0.000      977.656     1012.109
       2.850        0.000      977.656     1012.109
       2.851        0.000      977.656     1012.109
       2.851        0.000      977.656     1012.109
       2.851        0.000      977.656     1012.109
       2.851        0.000      977.656     1012.109
       2.851        0.000      977.656     1012.109
       2.851        0.000      977.656     1012.109
       2.851        0.000      977.656     1012.109
       2.851        0.000      977.656     1012.109
       2.851        0.000      977.656     1012.109
       2.851        0.000      977.656     1012.109
       2.867        0.000      977.656     1012.109
       2.867        0.000      977.656     1012.109
       2.867        0.000      977.656     1012.109
       2.867        0.000      977.656     1012.109
       2.867        0.000      977.656     1012.109
       2.867        0.000      977.656     1012.109
       2.867        0.000      977.656     1012.109
       2.880        0.000      977.656     1012.109
       2.880        0.000      977.656     1012.109
       2.880        0.000      977.656     1012.109
       2.880        0.000      977.656     1012.109
       2.880        0.000      977.656     1012.109
       2.880        0.000      977.656     1012.109
       2.880        0.000      977.656     1012.109
       2.880        0.000      977.656     1012.109
       2.880        0.000      977.656     1012.109
       2.880        0.000      977.656     1012.109
       2.895        0.000      977.656     1012.109
       2.895        0.000      977.656     1012.109
       2.895        0.000      977.656     1012.109
       2.895        0.000      977.656     1012.109
       2.895        0.000      977.656     1012.109
       2.895        0.000      977.656     1012.109
       2.895        0.000      977.656     1012.109
       2.895        0.000      977.656     1012.109
       2.895        0.000      977.656     1012.109
       2.895        0.000      977.656     1012.109
       2.911        0.000      977.656     1012.109
       2.911        0.000      977.656     1012.109
       2.911        0.000      977.656     1012.109
       2.911        0.000      977.656     1012.109
       2.911        0.000      977.656     1012.109
       2.911        0.000      977.656     1012.109
       2.911        0.000      977.656     1012.109
       2.911        0.000      977.656     1012.109
       2.911        0.000      977.656     1012.109
       2.911        0.000      977.656     1012.109
       2.927        0.000      977.656     1012.109
       2.927        0.000      977.656     1012.109
       2.927        0.000      977.656     1012.109
       2.927        0.000      977.656     1012.109
       2.927        0.000      977.656     1012.109
       2.927        0.000      977.656     1012.109
       2.927        0.000      977.656     1012.109
       2.927        0.000      977.656     1012.109
       2.927        0.000      977.656     1012.109
       2.942        0.000      977.656     1012.109
       2.942        0.000      977.656     1012.109
       2.942        0.000      977.656     1012.109
       2.942        0.000      977.656     1012.109
       2.942        0.000      977.656     1012.109
       2.942        0.000      977.656     1012.109
       2.942        0.000      977.656     1012.109
       2.942        0.000      977.656     1012.109
       2.942        0.000      977.656     1012.109
       2.942        0.000      977.656     1012.109
       2.958        0.000      977.656     1012.109
       2.959        0.000      977.656     1012.109
       2.959        0.000      977.656     1012.109
       2.959        0.000      977.656     1012.109
       2.959        0.000      977.656     1012.109
       2.959        0.000      977.656     1012.109
       2.959        0.000      977.656     1012.109
       2.959        0.000      977.656     1012.109
       2.959        0.000      977.656     1012.109
       2.959        0.000      977.656     1012.109
       2.959        0.000      977.656     1012.109
       2.975        0.000      977.656     1012.109
       2.975        0.000      977.656     1012.109
       2.975        0.000      977.656     1012.109
       2.975        0.000      977.656     1012.109
       2.975        0.000      977.656     1012.109
       2.975        0.000      977.656     1012.109
       2.975        0.000      977.656     1012.109
       2.975        0.000      977.656     1012.109
       2.975        0.000      977.656     1012.109
       2.990        0.000      977.656     1012.109
       2.990        0.000      977.656     1012.109
       2.990        0.000      977.656     1012.109
       2.990        0.000      977.656     1012.109
       2.990        0.000      977.656     1012.109
       2.990        0.000      977.656     1012.109
       2.990        0.000      977.656     1012.109
       2.990        0.000      977.656     1012.109
       2.990        0.000      977.656     1012.109
       2.990        0.000      977.656     1012.109
       3.006        0.000      977.656     1012.109
       3.006        0.000      977.656     1012.109
       3.006        0.000      977.656     1012.109
       3.006        0.000      977.656     1012.109
       3.006        0.000      977.656     1012.109
       3.006        0.000      977.656     1012.109
       3.006        0.000      977.656     1012.109
       3.006        0.000      977.656     1012.109
       3.006        0.000      977.656     1012.109
       3.006        0.000      977.656     1012.109
       3.022        0.000      977.656     1012.109
       3.024        0.000      977.656     1012.109
       3.024        0.000      977.656     1012.109
       3.024        0.000      977.656     1012.109
       3.024        0.000      977.656     1012.109
       3.024        0.000      977.656     1012.109
       3.024        0.000      977.656     1012.109
       3.024        0.000      977.656     1012.109
       3.024        0.000      977.656     1012.109
       3.024        0.000      977.656     1012.109
       3.024        0.000      977.656     1012.109
       3.040        0.000      977.656     1012.109
       3.041        0.000      977.656     1012.109
       3.041        0.000      977.656     1012.109
       3.041        0.000      977.656     1012.109
       3.041        0.000      977.656     1012.109
       3.041        0.000      977.656     1012.109
       3.041        0.000      977.656     1012.109
       3.041        0.000      977.656     1012.109
       3.041        0.000      977.656     1012.109
       3.041        0.000      977.656     1012.109
       3.056        0.000      977.656     1012.109
       3.057        0.000      977.656     1012.109
       3.057        0.000      977.656     1012.109
       3.057        0.000      977.656     1012.109
       3.057        0.000      977.656     1012.109
       3.057        0.000      977.656     1012.109
       3.057        0.000      977.656     1012.109
       3.057        0.000      977.656     1012.109
       3.057        0.000      977.656     1012.109
       3.057        0.000      977.656     1012.109
       3.057        0.000      977.652     1012.109
       3.074        0.000      977.652     1012.109
       3.074        0.000      977.652     1012.109
       3.074        0.000      977.652     1012.109
       3.074        0.000      977.652     1012.109
       3.074        0.000      977.652     1012.109
       3.074        0.000      977.652     1012.109
       3.074        0.000      977.652     1012.109
       3.074        0.000      977.652     1012.109
       3.074        0.000      977.652     1012.109
       3.074        0.000      977.652     1012.109
       3.090        0.000      977.652     1012.109
       3.091        0.000      977.652     1012.109
       3.091        0.000      977.652     1012.109
       3.091        0.000      977.652     1012.109
       3.091        0.000      977.652     1012.109
       3.091        0.000      977.652     1012.109
       3.091        0.000      977.652     1012.109
       3.091        0.000      977.652     1012.109
       3.091        0.000      977.652     1012.109
       3.091        0.000      977.652     1012.109
       3.106        0.000      977.652     1012.109
       3.107        0.000      977.652     1012.109
       3.107        0.000      977.652     1012.109
       3.107        0.000      977.652     1012.109
       3.107        0.000      977.652     1012.109
       3.107        0.000      977.652     1012.109
       3.107        0.000      977.652     1012.109
       3.107        0.000      977.652     1012.109
       3.107        0.000      977.652     1012.109
       3.107        0.000      977.652     1012.109
       3.107        0.000      977.656     1012.109
       3.124        0.000      977.656     1012.109
       3.124        0.000      977.656     1012.109
       3.124        0.000      977.656     1012.109
       3.124        0.000      977.656     1012.109
       3.124        0.000      977.656     1012.109
       3.124        0.000      977.656     1012.109
       3.124        0.000      977.656     1012.109
       3.124        0.000      977.656     1012.109
       3.124        0.000      977.656     1012.109
       3.124        0.000      977.656     1012.109
       3.140        0.000      977.656     1012.109
       3.141        0.000      977.656     1012.109
       3.141        0.000      977.656     1012.109
       3.141        0.000      977.656     1012.109
       3.141        0.000      977.656     1012.109
       3.141        0.000      977.656     1012.109
       3.141        0.000      977.656     1012.109
       3.141        0.000      977.656     1012.109
       3.141        0.000      977.656     1012.109
       3.141        0.000      977.656     1012.109
       3.156        0.000      977.656     1012.109
       3.157        0.000      977.656     1012.109
       3.157        0.000      977.656     1012.109
       3.157        0.000      977.656     1012.109
       3.157        0.000      977.656     1012.109
       3.157        0.000      977.656     1012.109
       3.157        0.000      977.656     1012.109
       3.157        0.000      977.656     1012.109
       3.157        0.000      977.656     1012.109
       3.157        0.000      977.656     1012.109
       3.157        0.000      977.656     1012.109
       3.174        0.000      977.656     1012.109
       3.174        0.000      977.656     1012.109
       3.174        0.000      977.656     1012.109
       3.174        0.000      977.656     1012.109
       3.174        0.000      977.656     1012.109
       3.174        0.000      977.656     1012.109
       3.174        0.000      977.656     1012.109
       3.174        0.000      977.656     1012.109
       3.174        0.000      977.656     1012.109
       3.174        0.000      977.656     1012.109
       3.190        0.000      977.656     1012.109
       3.191        0.000      977.656     1012.109
       3.191        0.000      977.656     1012.109
       3.191        0.000      977.656     1012.109
       3.191        0.000      977.656     1012.109
       3.191        0.000      977.656     1012.109
       3.191        0.000      977.656     1012.109
       3.191        0.000      977.656     1012.109
       3.191        0.000      977.656     1012.109
       3.191        0.000      977.656     1012.109
       3.206        0.000      977.656     1012.109
       3.207        0.000      977.656     1012.109
       3.207        0.000      977.656     1012.109
       3.207        0.000      977.656     1012.109
       3.207        0.000      977.656     1012.109
       3.207        0.000      977.656     1012.109
       3.207        0.000      977.656     1012.109
       3.207        0.000      977.656     1012.109
       3.207        0.000      977.656     1012.109
       3.207        0.000      977.656     1012.109
       3.207        0.000      977.656     1012.109
       3.224        0.000      977.656     1012.109
       3.224        0.000      977.656     1012.109
       3.224        0.000      977.656     1012.109
       3.224        0.000      977.656     1012.109
       3.224        0.000      977.656     1012.109
       3.224        0.000      977.656     1012.109
       3.224        0.000      977.656     1012.109
       3.224        0.000      977.656     1012.109
       3.224        0.000      977.656     1012.109
       3.224        0.000      977.656     1012.109
       3.240        0.000      977.656     1012.109
       3.242        0.000      977.656     1012.109
       3.242        0.000      977.656     1012.109
