# Elapsed time   CPU (%)     Real (MB)   Virtual (MB)
       0.000        0.000      711.586     1280.027
       0.519       18.200      711.633     1280.027
       1.039       30.300      547.652     1273.016
       1.549      154.700      729.008     1293.781
       2.068       99.900      897.199     1521.008
       2.578       99.900      915.059     1521.008
       3.084      100.000      928.918     1520.938
       3.599      106.200      931.676     1520.938
       4.119       99.900      850.047     1427.035
       4.629      127.400      977.121     3576.656
       5.129      396.900     1195.652     3576.656
       5.649      393.700     1420.121     3576.656
       6.154      342.200     1526.012     3576.656
       6.669      370.100     1678.930     3576.656
       7.184      321.000     1812.387     3576.656
       7.709      342.200     1950.574     3576.656
       8.229      336.800     2059.113     3576.656
       8.729      393.800     2292.578     3576.656
       9.244      393.700     2488.125     3576.656
       9.754      385.300     2663.395     3576.656
      10.259      334.400     2903.465     3576.656
      10.764      360.300     2883.027     3576.656
      11.269      371.900     2737.762     3365.133
      11.774      334.400     1687.934     3279.012
      12.286       99.900      863.016     1533.059
      12.799      100.100      884.680     1533.059
      13.299      100.000      897.223     1533.059
      13.809      103.100      815.602     1509.840
      14.329       99.900      910.336     1557.305
      14.844      273.100     1051.672     3588.789
      15.349      387.500     1275.484     3588.789
      15.849      381.200     1452.148     3588.789
      16.360      354.300     1601.191     3588.789
      16.879      376.200     1778.152     3588.789
      17.399      378.500     1968.414     3588.789
      17.909      360.300     2076.328     3588.789
      18.414      375.000     2293.777     3588.789
      18.929      382.300     2479.676     3588.789
      19.429      362.500     2676.070     3588.789
      19.939      327.000     2868.973     3588.789
      20.459      372.500     2895.172     3588.789
      20.977      367.100     2737.805     3353.004
      21.495      344.300     2749.906     3377.254
      22.009      128.100      855.496     1533.059
      22.519       99.900      877.883     1533.059
      23.034       99.900      892.148     1533.059
      23.534      100.000      897.223     1533.059
      24.039      100.000      910.336     1557.305
      24.559      100.100      923.699     3482.262
      25.069      378.500     1155.066     3588.789
      25.589      390.600     1360.211     3588.789
      26.099      385.300     1491.535     3588.855
      26.619      345.200     1611.207     3588.855
      27.129      342.800     1777.930     3588.855
      27.639      378.500     1906.992     3588.855
      28.159      357.300     2020.414     3588.855
      28.679      397.500     2183.773     3588.855
      29.184      384.400     2354.348     3588.855
      29.689      375.500     2532.551     3588.855
      30.209      372.500     2678.289     3588.855
      30.709      325.000     2869.121     3588.855
      31.219      391.400     2895.320     3588.855
      31.724      384.400     2895.320     3588.855
      32.239      363.400     2750.055     3377.320
      32.759      130.500      862.121     1533.125
      33.269       99.900      878.621     1533.125
      33.779       99.900      894.348     1533.125
      34.299      100.100      897.371     1533.125
      34.819      103.000      827.844     1509.906
      35.329      163.500      973.824     3588.855
      35.849      373.200     1187.395     3588.855
      36.349      400.000     1411.379     3588.855
      36.869      357.300     1525.723     3588.855
      37.379      373.200     1716.004     3588.855
      37.899      366.400     1834.078     3588.855
      38.409      351.300     2019.727     3588.855
      38.919      356.200     2106.246     3588.855
      39.429      382.300     2288.574     3588.855
      39.929      393.800     2446.234     3588.855
      40.429      359.400     2575.785     3588.855
      40.939      318.000     2779.449     3588.855
      41.439      362.500     2875.062     3588.855
      41.949      384.600     2842.367     3588.855
      42.464      364.100     2697.133     3377.316
      42.974      265.600      621.332     1305.898
      43.479      100.000      814.371     1533.129
      43.979      100.000      834.418     1533.129
      44.479      100.000      844.449     1533.129
      44.999      103.000      810.199     1557.375
      45.519       99.900      905.660     1607.129
      46.039      290.700     1044.137     3588.852
      46.549      367.100     1286.328     3588.852
      47.059      371.900     1438.746     3588.852
      47.559      368.800     1579.691     3588.852
      48.079      352.400     1725.379     3588.852
      48.599      388.300     1881.984     3588.852
      49.109      345.200     1967.492     3588.852
      49.609      375.000     2143.773     3588.852
      50.109      378.100     2312.328     3588.852
      50.619      371.900     2494.371     3588.852
      51.139      338.400     2625.367     3588.852
      51.644      334.400     2818.957     3588.852
      52.159      378.500     2842.398     3588.852
      52.669      351.900     2697.133     3377.316
      53.183      366.400     2241.402     3291.203
      53.699       99.900      822.113     1545.246
      54.209      100.000      841.617     1545.246
      54.709      100.000      855.727     1545.246
      55.219      100.100      856.547     1545.246
      55.729      100.000      834.391     1569.492
      56.239      236.200      998.332     3600.973
      56.739      400.000     1225.590     3600.973
      57.249      367.100     1404.598     3600.973
      57.759      362.500     1542.457     3600.973
      58.274      363.400     1719.543     3600.973
      58.779      375.500     1833.406     3600.973
      59.279      350.000     1979.590     3600.973
      59.799      385.300     2113.371     3600.973
      60.309      400.000     2284.250     3600.973
      60.819      390.600     2465.027     3600.973
      61.329      308.900     2637.430     3600.973
      61.834      309.400     2828.297     3600.973
      62.339      362.500     2854.496     3600.973
      62.849      382.300     2854.496     3600.973
      63.359      363.400     2709.230     3389.438
      63.869      148.700      751.027     1545.250
      64.389       99.900      724.559     1545.250
      64.909       96.900      742.926     1545.250
      65.409      100.000      747.746     1545.250
      65.919      100.100      666.117     1451.348
      66.429      146.900      814.281     3600.973
      66.944      387.600     1018.793     3600.973
      67.459      399.700     1220.656     3600.973
      67.964      346.900     1342.129     3600.973
      68.469      382.300     1473.148     3600.973
      68.979      378.100     1628.762     3600.973
      69.489      348.200     1767.262     3600.973
      70.009      344.300     1870.879     3600.973
      70.519      368.800     2047.246     3600.973
      71.034      393.700     2214.438     3600.973
      71.539      359.400     2380.004     3600.973
      72.039      356.200     2528.824     3600.973
      72.549      339.800     2719.676     3600.973
      73.059      359.400     2745.875     3600.973
      73.569      390.600     2659.141     3494.445
      74.079      372.500     2600.695     3389.441
      74.589       81.200      529.871     1281.656
      75.089        0.000      529.871     1281.656
      75.589        0.000      529.871     1281.656
      76.089        0.000      529.871     1281.656
      76.610        0.000      529.961     1281.656
      77.129        0.000      529.961     1281.656
