# Elapsed time   CPU (%)     Real (MB)   Virtual (MB)
       0.000        0.000      728.039     1233.301
       0.109        0.000      728.043     1233.301
       0.217        0.000      728.043     1233.301
       0.327        0.000      728.043     1233.301
       0.434        0.000      728.043     1233.301
       0.558        0.000      728.043     1233.301
       0.658        0.000      728.043     1233.301
       0.774        0.000      728.043     1233.301
       0.890        0.000      728.043     1233.301
       0.990       66.500      728.051     1233.465
       1.091        0.000      728.051     1233.465
       1.191        0.000      728.051     1233.465
       1.292        0.000      728.051     1233.465
       1.414        0.000      652.027     1157.227
       1.539       75.000      652.434     1157.598
       1.663       56.800      653.047     1157.660
       1.779        0.000      653.047     1157.660
       1.879        0.000      653.227     1157.660
       1.980        0.000      653.227     1157.660
       2.080        0.000      653.227     1157.660
       2.181        0.000      653.227     1157.660
       2.281        0.000      653.227     1157.660
       2.382        0.000      653.227     1157.660
       2.483        0.000      653.227     1157.660
       2.583        0.000      653.227     1157.660
       2.684        0.000      653.227     1157.660
       2.787        0.000      653.227     1157.660
       2.888        0.000      653.227     1157.660
       2.989        0.000      653.227     1157.660
       3.105        0.000      653.227     1157.660
       3.206        0.000      653.227     1157.660
       3.307        0.000      653.227     1157.660
       3.407        0.000      653.191     1157.590
       3.508        0.000      653.191     1157.590
       3.609        0.000      653.191     1157.590
       3.709        0.000      653.191     1157.590
       3.810        0.000      653.191     1157.590
       3.911        0.000      653.191     1157.590
       4.011        0.000      653.191     1157.590
       4.112        0.000      653.191     1157.590
       4.213        0.000      653.191     1157.590
       4.313        0.000      653.191     1157.590
       4.423        0.000      653.195     1157.590
       4.534        0.000      653.195     1157.590
       4.647        0.000      653.195     1157.590
       4.747        0.000      653.195     1157.590
       4.848        0.000      653.195     1157.590
       4.949        0.000      653.195     1157.590
       5.050        0.000      653.195     1157.590
       5.151        0.000      653.195     1157.590
       5.251        0.000      653.195     1157.590
       5.352        0.000      653.195     1157.590
       5.453        0.000      653.195     1157.590
       5.553        0.000      653.195     1157.590
       5.656        0.000      653.195     1157.590
       5.757        0.000      653.195     1157.590
       5.874        0.000      653.195     1157.590
       5.996        0.000      653.195     1157.590
       6.097        0.000      653.195     1157.590
       6.197        0.000      653.195     1157.590
       6.298        0.000      653.195     1157.590
       6.399        0.000      653.195     1157.590
       6.499        0.000      653.195     1157.590
       6.600        0.000      653.195     1157.590
       6.701        0.000      653.195     1157.590
       6.801        0.000      653.195     1157.590
       6.902        0.000      653.195     1157.590
       7.002        0.000      653.195     1157.590
       7.103        0.000      653.195     1157.590
       7.203        0.000      653.195     1157.590
       7.304        0.000      653.195     1157.590
       7.404        0.000      653.195     1157.590
       7.505        0.000      653.195     1157.590
       7.605        0.000      653.195     1157.590
       7.709        0.000      653.195     1157.590
       7.809        0.000      653.195     1157.590
       7.910       49.900      653.230     1157.652
       8.011        0.000      653.230     1157.652
       8.113        0.000      653.230     1157.652
       8.214        0.000      653.230     1157.652
       8.329       28.700      653.230     1157.652
       8.431       42.600      653.230     1157.652
       8.533        0.000      653.230     1157.652
       8.636        0.000      653.230     1157.652
       8.747        0.000      653.230     1157.652
       8.863        0.000      653.195     1157.582
       8.964        0.000      653.195     1157.582
       9.080        0.000      653.195     1157.582
       9.195        0.000      653.195     1157.582
       9.295        0.000      653.195     1157.582
       9.396        0.000      653.195     1157.582
       9.519        0.000      653.195     1157.582
       9.620        0.000      653.195     1157.582
       9.720        0.000      653.195     1157.582
       9.821        0.000      653.195     1157.582
       9.936       25.000      653.195     1157.582
      10.042        0.000      653.195     1157.582
      10.156        0.000      653.195     1157.582
      10.268        0.000      653.195     1157.582
      10.370        0.000      653.195     1157.582
      10.470        0.000      653.195     1157.582
      10.570        0.000      653.195     1157.582
      10.670        0.000      653.195     1157.582
      10.771        0.000      653.195     1157.582
      10.871        0.000      653.195     1157.582
      10.974        0.000      653.195     1157.582
      11.075        0.000      653.195     1157.582
      11.176        0.000      653.195     1157.582
      11.278        0.000      653.195     1157.582
      11.381        0.000      653.195     1157.582
      11.484       56.800      658.816     1316.121
      11.605      100.000      678.102     1316.121
      11.712      100.300      717.555     1292.906
      11.832       57.300      782.203     1286.840
      11.932        0.000      782.238     1286.910
      12.036        0.000      782.238     1286.910
      12.136        0.000      782.277     1286.980
      12.237        0.000      782.277     1286.980
      12.338        0.000      782.277     1286.980
      12.438        0.000      782.277     1286.980
      12.539        0.000      782.277     1286.980
      12.639        0.000      782.277     1286.980
      12.740        0.000      782.277     1286.980
      12.840        0.000      782.277     1286.980
      12.941        0.000      782.277     1286.980
      13.045        0.000      782.277     1286.980
      13.146        0.000      782.277     1286.980
      13.246        0.000      782.277     1286.980
      13.347        0.000      782.277     1286.980
      13.447        0.000      782.277     1286.980
      13.548        0.000      782.277     1286.980
      13.652        0.000      782.277     1286.980
      13.753        0.000      782.277     1286.980
      13.857        0.000      782.277     1286.980
      13.960        0.000      782.277     1286.980
      14.077        0.000      782.277     1286.980
      14.189        0.000      782.277     1286.980
      14.290        0.000      782.277     1286.980
      14.391        0.000      782.277     1286.980
      14.492        0.000      782.277     1286.980
      14.592        0.000      782.277     1286.980
      14.692        0.000      782.277     1286.980
      14.793        0.000      782.277     1286.980
      14.893        0.000      782.277     1286.980
      14.994        0.000      782.277     1286.980
      15.095        0.000      782.277     1286.980
      15.196        0.000      782.277     1286.980
      15.296        0.000      782.277     1286.980
      15.413        0.000      782.277     1286.980
      15.529        0.000      782.277     1286.980
      15.629        0.000      782.277     1286.980
      15.739        0.000      782.277     1286.980
      15.850        0.000      782.277     1286.980
      15.968        0.000      782.277     1286.980
      16.072        0.000      782.277     1286.980
      16.172        0.000      782.277     1286.980
      16.273        0.000      782.277     1286.980
      16.373        0.000      782.277     1286.980
      16.477        0.000      782.277     1286.980
      16.578        0.000      782.277     1286.980
      16.678        0.000      782.277     1286.980
      16.781        0.000      782.277     1286.980
      16.899        0.000      782.277     1286.980
      16.999        0.000      782.277     1286.980
      17.100        0.000      782.277     1286.980
      17.201        0.000      782.277     1286.980
      17.302        0.000      782.277     1286.980
      17.402        0.000      782.277     1286.980
      17.503        0.000      782.277     1286.980
      17.603        0.000      782.277     1286.980
      17.704        0.000      782.277     1286.980
      17.805        0.000      782.277     1286.980
      17.905        0.000      782.277     1286.980
      18.006        0.000      782.277     1286.980
      18.106        0.000      782.277     1286.980
      18.214        0.000      782.277     1286.980
      18.314        0.000      782.277     1286.980
      18.415        0.000      782.277     1286.980
      18.515        0.000      782.277     1286.980
      18.616        0.000      782.277     1286.980
      18.717        0.000      782.277     1286.980
      18.820        0.000      782.277     1286.980
      18.922        0.000      782.277     1286.980
      19.023        0.000      782.277     1286.980
      19.123        0.000      782.277     1286.980
      19.224        0.000      782.277     1286.980
      19.325        0.000      782.277     1286.980
      19.427        0.000      782.277     1286.980
      19.541        0.000      782.277     1286.980
      19.645        0.000      782.277     1286.980
      19.758        0.000      782.277     1286.980
      19.859        0.000      782.277     1286.980
      19.959        0.000      782.277     1286.980
      20.060        0.000      782.277     1286.980
      20.164        0.000      782.277     1286.980
      20.273        0.000      782.277     1286.980
      20.383        0.000      782.277     1286.980
      20.495        0.000      782.277     1286.980
      20.595        0.000      782.277     1286.980
      20.695        0.000      782.277     1286.980
      20.818        0.000      782.277     1286.980
      20.918        0.000      782.277     1286.980
      21.041        0.000      782.277     1286.980
      21.153        0.000      782.277     1286.980
      21.267        0.000      782.277     1286.980
      21.368        0.000      782.277     1286.980
      21.468        0.000      782.277     1286.980
      21.569        0.000      782.277     1286.980
      21.680        0.000      782.277     1286.980
      21.790        0.000      782.277     1286.980
      21.902       85.200      818.570     1323.344
      22.021      100.300      997.996     1562.699
      22.124      100.300      998.836     1562.699
      22.247      100.000     1001.570     1562.699
      22.370      100.000     1006.363     1562.699
      22.472       99.700     1010.816     1562.699
      22.574      100.300     1015.531     1562.699
      22.696      100.000     1019.902     1562.699
      22.818       99.400     1023.422     1562.699
      22.920      100.300     1026.137     1562.699
      23.023       99.400     1028.766     1562.699
      23.145      100.300     1031.867     1562.699
      23.247      100.300     1033.270     1562.699
      23.349       99.700     1033.270     1562.699
      23.452      100.300     1033.270     1562.699
      23.554       99.400     1033.270     1562.699
      23.657       99.700     1033.270     1562.699
      23.759      100.300      951.648     1539.484
      23.862       99.700     1011.012     1586.945
      23.965      100.300     1046.383     1586.945
      24.067       99.700      951.641     1468.797
      24.170      100.300      973.738     1539.484
      24.273       99.400     1046.383     1586.945
      24.395      100.300      989.207     1611.445
      24.508      112.500     1067.609     3618.434
      24.629      401.400     1133.031     3618.434
      24.751      400.000     1195.996     3618.434
      24.872      400.000     1250.160     3618.434
      24.993      400.000     1311.434     3618.434
      25.115      397.700     1381.406     3618.434
      25.236      400.000     1440.316     3618.434
      25.357      400.000     1504.098     3618.434
      25.478      375.000     1547.383     3618.434
      25.600      315.400     1581.422     3618.434
      25.722      350.000     1627.535     3618.434
      25.834      315.400     1658.922     3618.434
      25.955      350.000     1661.730     3618.434
      26.077      400.000     1719.285     3618.434
      26.198      400.000     1780.590     3618.434
      26.319      397.700     1848.383     3618.434
      26.440      400.000     1875.863     3618.434
      26.562      362.500     1914.605     3618.434
      26.684      400.000     1938.012     3618.434
      26.805      400.000     2002.055     3618.434
      26.926      401.400     2071.242     3618.434
      27.048      350.000     2103.973     3618.477
      27.169      350.000     2155.309     3618.477
      27.291      362.500     2155.883     3618.477
      27.412      369.300     2188.312     3619.113
      27.534      362.500     2244.020     3619.113
      27.654      400.000     2308.465     3619.113
      27.776      400.000     2372.188     3619.113
      27.897      401.400     2425.695     3619.113
      28.018      362.500     2462.262     3619.113
      28.139      400.000     2530.137     3619.113
      28.260      400.000     2592.566     3619.113
      28.382      362.500     2642.988     3619.113
      28.503      315.400     2684.430     3619.113
      28.624      337.500     2712.926     3619.113
      28.746      362.500     2772.238     3619.113
      28.868      325.000     2815.426     3619.113
      28.990      326.700     2815.426     3619.113
      29.111      212.500     3006.258     3619.113
      29.233      362.500     3006.258     3619.113
      29.354      325.000     3011.727     3619.113
      29.477      400.000     3033.039     3620.008
      29.599      401.400     3033.043     3620.008
      29.705      315.400     3033.191     3620.008
      29.805      365.700     3033.328     3620.008
      29.905      397.700     3033.328     3620.008
      30.020      401.400     3033.328     3620.008
      30.142      287.500     2879.520     3408.469
      30.263      400.000     2888.062     3408.469
      30.384      400.000     2888.062     3408.469
      30.506      401.400     2888.062     3408.469
      30.609      184.700     2155.008     3322.348
      30.722      100.300      836.719     1397.645
      30.824      100.300      839.965     1349.164
      30.947      100.000     1012.219     1576.395
      31.069      100.000     1013.059     1576.395
      31.192      127.800     1015.926     1576.395
      31.294      100.300     1019.922     1576.395
      31.397       99.700     1023.797     1576.395
      31.499      100.300     1028.918     1576.395
      31.602       99.400     1032.324     1576.395
      31.704      100.800     1035.590     1576.395
      31.827      100.000     1038.777     1576.395
      31.929       99.400     1041.348     1576.395
      32.031       99.700     1043.883     1576.395
      32.134      100.300     1046.418     1576.395
      32.236       99.700     1047.492     1576.395
      32.339      100.300     1047.492     1576.395
      32.441       99.700     1047.492     1576.395
      32.543      100.300     1047.492     1576.395
      32.646       99.700     1047.492     1576.395
      32.749      100.300      965.871     1553.180
      32.871      100.000     1060.605     1600.641
      32.973       99.700     1060.605     1600.641
      33.075      100.300      965.863     1482.492
      33.178       99.700     1006.992     1553.180
      33.281       99.400     1073.707     1650.402
      33.383      100.300     1003.430     1625.141
      33.485       99.700     1073.969     3525.602
      33.607      400.000     1140.598     3632.129
      33.728      400.000     1207.180     3632.129
      33.849      358.400     1261.754     3632.129
      33.971      337.500     1308.207     3632.129
      34.071      401.400     1360.164     3632.129
      34.193      397.700     1417.117     3632.129
      34.314      400.000     1480.543     3632.129
      34.435      362.500     1537.805     3632.129
      34.556      325.000     1580.312     3632.129
      34.677      329.700     1612.469     3632.129
      34.799      325.000     1641.812     3632.129
      34.920      337.500     1675.871     3632.129
      35.042      350.000     1718.480     3632.129
      35.163      397.700     1774.398     3632.129
      35.284      400.000     1837.457     3632.129
      35.406      362.500     1889.703     3632.129
      35.528      337.500     1928.074     3632.129
      35.650      400.000     1928.445     3632.129
      35.771      387.000     1984.227     3632.129
      35.893      400.000     2046.594     3632.129
      36.014      362.500     2107.879     3632.129
      36.136      375.000     2169.875     3632.129
      36.257      337.500     2170.559     3632.129
      36.379      358.400     2170.559     3632.129
      36.500      400.000     2225.742     3632.129
      36.616      397.700     2273.516     3632.129
      36.716      387.000     2322.398     3632.129
      36.816      365.700     2368.973     3632.129
      36.932      362.500     2423.270     3632.129
      37.053      358.400     2459.801     3632.129
      37.174      400.000     2515.367     3632.129
      37.295      400.000     2578.129     3632.129
      37.416      400.000     2638.727     3632.129
      37.538      350.000     2670.965     3632.129
      37.660      255.700     2697.438     3632.129
      37.781      375.000     2753.156     3632.129
      37.903      275.000     2828.398     3632.129
      38.004      403.200     2828.434     3632.129
      38.125      275.000     2967.855     3632.129
      38.247      362.500     3019.266     3632.129
      38.368      325.000     3024.734     3632.129
      38.489      369.300     3045.465     3632.129
      38.611      400.000     3045.465     3632.129
      38.733      325.000     3045.465     3632.129
      38.855      400.000     3045.465     3632.129
      38.977      400.000     3045.465     3632.129
      39.099      401.400     3045.465     3632.129
      39.220      312.500     2900.199     3420.594
      39.342      400.000     2900.199     3420.594
      39.463      400.000     2900.199     3420.594
      39.585      362.500     2904.293     3420.594
      39.707      100.300     1444.484     3334.469
      39.829      100.000      832.816     1337.043
      39.950      100.000      967.289     1576.395
      40.072      100.000     1013.082     1576.395
      40.194      100.000     1015.484     1576.395
      40.296       99.700     1019.102     1576.395
      40.399       99.400     1023.203     1576.395
      40.501      100.800     1028.469     1576.395
      40.624      100.000     1032.609     1576.395
      40.726       99.400     1036.047     1576.395
      40.829      100.800     1038.945     1576.395
      40.931       99.400     1041.609     1576.395
      41.034       99.700     1044.371     1576.395
      41.136      100.300     1046.695     1576.395
      41.239       99.700     1047.516     1576.395
      41.342      100.300     1047.516     1576.395
      41.444      100.300     1047.516     1576.395
      41.547       99.700     1047.516     1576.395
      41.649       99.400     1047.516     1576.395
      41.752      100.800      968.836     1553.180
      41.854       99.400     1060.629     1600.641
      41.976      100.000      965.887     1482.492
      42.098      100.300      977.988     1553.180
      42.220      100.000     1060.629     1600.641
      42.322      100.300      994.180     1625.141
      42.425       99.700     1056.266     1625.141
      42.547      325.000     1129.449     3632.129
      42.668      400.000     1194.820     3632.129
      42.790      400.000     1260.145     3632.129
      42.911      355.100     1305.938     3632.129
      43.032      362.500     1366.160     3632.129
      43.153      400.000     1432.672     3632.129
      43.275      400.000     1490.629     3632.129
      43.396      358.400     1548.418     3632.129
      43.517      362.500     1580.312     3632.129
      43.639      362.500     1612.469     3632.129
      43.760      325.000     1641.812     3632.129
      43.882      362.500     1675.871     3632.129
      44.003      401.400     1721.473     3632.129
      44.124      400.000     1778.680     3632.129
      44.246      400.000     1839.203     3632.129
      44.367      337.500     1889.703     3632.129
      44.489      312.500     1928.074     3632.129
      44.610      362.500     1928.445     3632.129
      44.732      375.000     1984.059     3632.129
      44.852      387.500     2042.215     3632.129
      44.974      387.000     2097.195     3632.129
      45.096      337.500     2169.875     3632.129
      45.217      300.000     2170.559     3632.129
      45.339      350.000     2170.559     3632.129
      45.461      362.500     2225.742     3632.129
      45.582      401.400     2283.449     3632.129
      45.703      400.000     2346.840     3632.129
      45.824      400.000     2414.082     3632.129
      45.946      325.000     2458.910     3632.129
      46.067      397.700     2505.203     3632.129
      46.188      400.000     2568.258     3632.129
      46.309      400.000     2632.039     3632.129
      46.430      337.500     2670.965     3632.129
      46.552      401.400     2697.902     3632.129
      46.673      400.000     2763.633     3632.129
      46.796      287.500     2828.398     3632.129
      46.918      362.500     2828.434     3632.129
      47.040      250.000     3015.566     3632.129
      47.161      397.700     3019.266     3632.129
      47.283      362.500     3024.734     3632.129
      47.405      362.500     3045.465     3632.129
      47.527      362.500     3045.465     3632.129
      47.648      362.500     3045.465     3632.129
      47.770      401.400     3045.465     3632.129
      47.892      400.000     3045.465     3632.129
      48.014      362.500     2925.645     3513.480
      48.136      325.000     2900.199     3420.594
      48.257      400.000     2900.199     3420.594
      48.378      401.400     2900.199     3420.594
      48.499      287.500     2414.523     3334.469
      48.620      100.000      950.523     3334.469
      48.743      100.000      858.105     1446.125
      48.864       99.400     1012.262     1576.395
      48.987      100.000     1013.082     1576.395
      49.089      100.300     1016.016     1576.395
      49.192       99.700     1020.008     1576.395
      49.294      100.300     1024.066     1576.395
      49.396       99.700     1029.270     1576.395
      49.499      100.300     1032.770     1576.395
      49.622      100.000     1036.949     1576.395
      49.724       99.700     1039.691     1576.395
      49.826      100.300     1042.242     1576.395
      49.929       99.400     1045.008     1576.395
      50.031       99.700     1047.344     1576.395
      50.134      100.300     1047.516     1576.395
      50.236       99.700     1047.516     1576.395
      50.339      100.300     1047.516     1576.395
      50.441       99.700     1047.516     1576.395
      50.544      100.300     1047.516     1576.395
      50.647       99.700      990.484     1553.180
      50.749      100.300     1060.629     1600.641
      50.872      100.000      965.887     1482.492
      50.995      100.000      988.512     1553.180
      51.117      100.000     1071.496     1650.402
      51.219       99.700     1003.453     1625.141
      51.322      143.300     1078.418     3632.129
      51.443      397.700     1148.102     3632.129
      51.564      400.000     1210.613     3632.129
      51.686      362.500     1261.754     3632.129
      51.807      375.000     1320.285     3632.129
      51.929      400.000     1378.973     3632.129
      52.050      401.400     1447.293     3632.129
      52.171      375.000     1510.465     3632.129
      52.293      325.000     1561.527     3632.129
      52.414      375.000     1595.566     3632.129
      52.536      355.100     1641.680     3632.129
      52.657      362.500     1673.062     3632.129
      52.779      375.000     1675.871     3632.129
      52.901      362.500     1733.426     3632.129
      53.022      362.500     1794.730     3632.129
      53.143      372.700     1856.086     3632.129
      53.265      375.000     1889.703     3632.129
      53.386      362.500     1928.445     3632.129
      53.508      375.000     1952.750     3632.129
      53.629      401.400     2015.895     3632.129
      53.750      400.000     2075.352     3632.129
      53.872      175.000     2118.707     3632.129
      53.994      300.000     2169.875     3632.129
      54.115      369.300     2170.559     3632.129
      54.237      387.500     2188.145     3632.129
      54.359      375.000     2254.906     3632.129
      54.480      400.000     2309.543     3632.129
      54.601      400.000     2372.855     3632.129
      54.722      401.400     2427.895     3632.129
      54.844      362.500     2459.801     3632.129
      54.965      400.000     2521.945     3632.129
      55.086      400.000     2578.129     3632.129
      55.207      401.400     2625.746     3632.129
      55.324      350.000     2657.957     3632.129
      55.436      355.100     2697.438     3632.129
      55.552      401.400     2705.457     3632.129
      55.652      397.700     2746.816     3632.129
      55.752      302.400     2791.723     3632.129
      55.852      312.500     2828.414     3632.129
      55.953      369.600     2828.434     3632.129
      56.053      282.600     2890.289     3632.129
      56.153      213.100     3019.266     3632.129
      56.272      401.400     3019.266     3632.129
      56.394      362.500     3024.734     3632.129
      56.515      400.000     3045.465     3632.129
      56.637      400.000     3045.465     3632.129
      56.759      362.500     3045.465     3632.129
      56.881      358.400     3045.465     3632.129
      57.002      400.000     3045.465     3632.129
      57.124      400.000     3045.465     3632.129
      57.246      400.000     3045.465     3632.129
      57.368      250.000     2900.199     3420.594
      57.489      397.700     2900.199     3420.594
      57.610      400.000     2900.199     3420.594
      57.731      400.000     2900.199     3420.594
      57.853      175.000     2166.523     3334.469
      57.974      100.300      919.730     1434.008
      58.097      100.000      867.191     1446.125
      58.200      100.300      999.359     1576.395
      58.322      100.000     1013.094     1576.395
      58.424       99.700     1015.496     1576.395
      58.526       99.400     1018.938     1576.395
      58.629      100.800     1023.020     1576.395
      58.732       99.400     1028.355     1576.395
      58.834      100.800     1031.742     1576.324
      58.956      100.000     1035.746     1576.324
      59.059       99.400     1038.711     1576.324
      59.181      100.000     1041.859     1576.324
      59.284       99.700     1044.621     1576.324
      59.386      100.300     1046.996     1576.324
      59.488       99.700     1047.488     1576.324
      59.591      100.300     1047.488     1576.324
      59.693       99.700     1047.488     1576.324
      59.796      100.300     1047.488     1576.324
      59.899       99.400     1047.488     1576.324
      60.001      100.800      974.848     1553.109
      60.103       99.400     1060.602     1600.570
      60.206      100.800     1036.477     1588.453
      60.308       99.400      971.766     1553.109
      60.411       99.700     1025.332     1600.570
      60.534      100.000     1106.574     1650.332
      60.637      100.300     1027.824     1625.070
      60.739      249.300     1102.562     3632.059
      60.860      400.000     1165.406     3632.059
      60.981      400.000     1231.184     3632.059
      61.102      375.000     1292.414     3632.059
      61.224      372.700     1337.457     3632.059
      61.345      400.000     1403.648     3632.059
      61.466      400.000     1466.984     3632.059
      61.587      362.500     1535.895     3632.059
      61.709      315.400     1561.500     3632.059
      61.824      350.000     1589.832     3632.059
      61.940      440.300     1612.445     3632.059
      62.040      329.700     1641.656     3632.059
      62.141      365.700     1675.793     3632.059
      62.241      349.100     1678.059     3632.059
      62.341      315.400     1733.402     3632.059
      62.441      382.300     1769.031     3632.059
      62.556      362.500     1814.590     3632.059
      62.657      382.300     1856.062     3632.059
      62.758      352.800     1889.680     3632.059
      62.858      284.100     1928.051     3632.059
      62.962      329.700     1928.422     3632.059
      63.073      401.400     1936.672     3632.059
      63.194      400.000     1980.254     3632.059
      63.316      397.700     2029.910     3632.059
      63.437      400.000     2085.027     3632.059
      63.558      362.500     2118.684     3632.059
      63.680      300.000     2169.852     3632.059
      63.801      344.000     2170.535     3632.059
      63.923      362.500     2170.535     3632.059
      64.044      362.500     2212.348     3632.059
      64.165      362.500     2256.457     3632.059
      64.286      397.700     2309.148     3632.059
      64.407      400.000     2362.273     3632.059
      64.528      400.000     2414.059     3632.059
      64.650      362.500     2446.676     3632.059
      64.771      401.400     2490.688     3632.059
      64.892      375.000     2539.805     3632.059
      65.013      375.000     2588.078     3632.059
      65.134      325.000     2638.703     3632.059
      65.256      358.400     2670.941     3632.059
      65.377      350.000     2697.414     3632.059
      65.488      397.700     2721.023     3632.059
      65.592      401.400     2763.191     3632.059
      65.692      282.600     2828.375     3632.059
      65.815      362.500     2828.410     3632.059
      65.915      401.400     2828.410     3632.059
      66.015      133.000     2973.117     3632.059
      66.130      344.000     3019.242     3632.059
      66.252      362.500     3019.242     3632.059
      66.373      362.500     3027.680     3632.059
      66.495      400.000     3045.441     3632.059
      66.617      362.500     3045.441     3632.059
      66.738      284.100     3045.441     3632.059
      66.860      400.000     3045.441     3632.059
      66.982      400.000     3045.441     3632.059
      67.103      400.000     3045.441     3632.059
      67.224      400.000     3029.492     3632.059
      67.346      172.000     2878.371     3420.523
      67.467      400.000     2878.371     3420.523
      67.588      400.000     2878.371     3420.523
      67.709      401.400     2878.371     3420.523
      67.831      325.000     2650.094     3334.398
      67.951      100.000     1536.668     3334.398
      68.062       99.400      810.988     1336.973
      68.183      100.000      838.250     1458.176
      68.305      100.000      984.641     1588.445
      68.428      114.700     1003.352     1588.445
      68.531       99.400     1005.395     1588.445
      68.634      100.300     1008.840     1588.445
      68.737       99.700     1012.914     1588.445
      68.839      100.300     1018.090     1588.445
      68.942       99.700     1021.629     1588.445
      69.044      100.300     1025.184     1588.445
      69.147       99.400     1028.215     1588.445
      69.250      100.800     1031.008     1588.445
      69.372      100.000     1034.133     1588.445
      69.495      100.000     1037.250     1588.445
      69.597       99.700     1037.785     1588.445
      69.699      100.300     1037.785     1588.445
      69.801       99.700     1037.785     1588.445
      69.904       99.400     1037.785     1588.445
      70.025      100.000     1037.785     1588.445
      70.128      100.800      968.090     1565.230
      70.231       99.400     1050.898     1612.691
      70.334      100.800     1050.898     1612.691
      70.456      100.000      968.258     1565.230
      70.577      100.000     1049.812     1612.691
      70.698      100.000      981.953     1637.191
      70.820      100.000     1061.801     1637.191
      70.941      397.700     1127.855     3644.180
      71.062      400.000     1193.559     3644.180
      71.183      400.000     1252.023     3644.180
      71.305      387.500     1308.832     3644.180
      71.426      401.400     1373.160     3644.180
      71.547      362.500     1440.070     3644.180
      71.668      400.000     1500.996     3644.180
      71.789      362.500     1551.797     3644.180
      71.898      355.100     1570.582     3644.180
      72.014      387.000     1602.703     3644.109
      72.114      349.100     1631.914     3644.109
      72.232      350.000     1666.051     3644.109
      72.353      400.000     1687.715     3644.109
      72.474      401.400     1742.465     3644.109
      72.595      387.500     1789.953     3644.109
      72.717      400.000     1841.914     3644.109
      72.838      325.000     1879.938     3644.109
      72.960      337.500     1918.309     3644.109
      73.082      344.000     1918.680     3644.109
      73.203      362.500     1936.293     3644.109
      73.324      400.000     1983.805     3644.109
      73.445      400.000     2028.520     3644.109
      73.566      298.300     2075.285     3644.109
      73.687      337.500     2108.941     3644.109
      73.808      312.500     2160.109     3644.109
      73.930      325.000     2160.793     3644.109
      74.051      315.400     2160.793     3644.109
      74.173      387.500     2174.148     3644.109
      74.281      397.700     2216.043     3644.109
      74.381      336.000     2249.195     3644.109
      74.482      397.700     2292.074     3644.109
      74.582      386.400     2330.824     3644.109
      74.682      397.700     2375.578     3644.109
      74.782      398.900     2413.570     3644.109
      74.883      352.800     2444.617     3644.109
      74.983      284.100     2473.203     3644.109
      75.091      401.400     2517.828     3644.109
      75.203      401.400     2564.250     3644.109
      75.306      397.700     2601.355     3644.109
      75.422      329.700     2634.914     3644.109
      75.522      299.200     2661.266     3644.109
      75.622      358.400     2687.738     3644.109
      75.737      369.300     2708.383     3644.109
      75.858      400.000     2761.711     3644.109
      75.979      325.000     2818.699     3644.109
      76.101      387.500     2818.734     3644.109
      76.222      243.700     2917.410     3644.109
      76.344      287.500     3009.566     3644.109
      76.466      400.000     3009.566     3644.109
      76.587      362.500     3015.035     3644.109
      76.709      401.400     3035.766     3644.109
      76.830      400.000     3035.766     3644.109
      76.952      362.500     3035.766     3644.109
      77.074      400.000     3035.852     3644.109
      77.196      400.000     3035.852     3644.109
      77.318      397.700     3035.852     3644.109
      77.439      400.000     2969.668     3644.109
      77.561      287.500     2890.586     3432.574
      77.672      401.400     2890.586     3432.574
      77.793      362.500     2890.586     3432.574
      77.914      187.500     2890.586     3432.574
      78.036      383.500     2890.586     3432.574
      78.157      400.000     2890.586     3432.574
      78.278      137.500     2078.875     3346.453
      78.400      100.000      967.719     3346.453
      78.522      100.300      811.113     1336.906
      78.644      100.000      953.312     1588.375
      78.766      100.000     1003.477     1588.375
      78.868      100.300     1003.738     1588.375
      78.971       99.700     1007.996     1588.375
      79.073      100.300     1011.988     1588.375
      79.188       99.400     1017.723     1588.375
      79.289      100.300     1021.410     1588.375
      79.411       99.400     1025.527     1588.375
      79.518      100.300     1028.512     1588.375
      79.619      100.300     1031.098     1588.375
      79.719       99.700     1033.438     1588.375
      79.834      100.300     1035.703     1588.375
      79.957      100.000     1037.777     1588.375
      80.059       99.400     1037.910     1588.375
      80.182      100.000     1037.934     1588.375
      80.304      100.000     1037.934     1588.375
      80.407       99.700     1037.934     1588.375
      80.509      100.300     1037.934     1588.375
      80.631      100.300      979.574     1565.160
      80.754      100.000     1051.047     1612.621
      80.856       99.400      956.305     1494.473
      80.959      100.800      968.406     1565.160
      81.081       75.000     1015.777     1612.621
      81.186       99.400     1073.305     1662.383
      81.298      100.300      997.832     1637.125
      81.399      149.600     1077.473     3644.113
      81.499      401.400     1127.273     3644.113
      81.599      398.900     1178.219     3644.113
      81.699      401.400     1226.785     3644.113
      81.800      398.900     1268.941     3644.113
      81.908      369.300     1314.336     3644.113
      82.015      401.400     1373.133     3644.113
      82.122      329.700     1429.746     3644.113
      82.237      397.700     1488.875     3644.113
      82.352      400.000     1538.836     3644.113
      82.474      272.400     1570.730     3644.113
      82.596      325.000     1602.887     3644.113
      82.717      362.500     1632.230     3644.113
      82.839      325.000     1666.289     3644.113
      82.961      400.000     1712.848     3644.113
      83.082      387.000     1761.797     3644.113
      83.204      412.500     1813.926     3644.113
      83.325      337.500     1865.371     3644.113
      83.447      300.000     1900.426     3644.113
      83.569      326.700     1918.863     3644.113
      83.691      375.000     1918.863     3644.113
      83.812      362.500     1966.992     3644.113
      83.933      400.000     2012.574     3644.113
      84.055      400.000     2059.051     3644.113
      84.176      401.400     2109.125     3644.113
      84.298      300.000     2160.293     3644.113
      84.421      337.500     2160.977     3644.113
      84.543      287.500     2160.977     3644.113
      84.664      400.000     2173.602     3644.113
      84.775      397.700     2216.160     3644.113
      84.897      400.000     2258.652     3644.113
      85.019      387.000     2308.074     3644.113
      85.140      400.000     2360.312     3644.113
      85.261      400.000     2407.969     3644.113
      85.374      387.000     2429.141     3644.113
      85.495      350.000     2450.219     3644.113
      85.606      383.500     2480.879     3644.113
      85.728      325.000     2530.672     3644.113
      85.849      401.400     2574.305     3644.113
      85.971      400.000     2622.336     3644.113
      86.092      300.000     2661.383     3644.113
      86.214      387.500     2687.855     3644.113
      86.337      300.000     2700.281     3644.113
      86.448      401.400     2743.273     3644.113
      86.570      287.500     2818.816     3644.113
      86.692      340.900     2818.852     3644.113
      86.813      362.500     2847.758     3644.113
      86.916      186.400     3009.684     3644.113
      87.038      412.500     3009.684     3644.113
      87.160      355.100     3009.684     3644.113
      87.282      362.500     3030.160     3644.113
      87.404      400.000     3035.883     3644.113
      87.526      362.500     3035.883     3644.113
      87.648      362.500     3035.883     3644.113
      87.750      403.200     3035.883     3644.113
      87.863      383.500     3035.883     3644.113
      87.984      400.000     3035.883     3644.113
      88.105      362.500     2965.289     3644.113
      88.227      287.500     2890.617     3432.574
      88.349      401.400     2890.617     3432.574
      88.470      412.500     2890.617     3432.574
      88.592      400.000     2890.617     3432.574
      88.713      137.500     2008.914     3346.453
      88.836      100.000      867.297     1421.750
      88.958      129.000      803.887     1322.277
      89.081        0.000      803.887     1322.277
      89.198        0.000      803.887     1322.277
      89.299        0.000      803.887     1322.277
      89.399        0.000      803.887     1322.277
      89.515        0.000      803.887     1322.277
      89.620        0.000      803.887     1322.277
      89.730        0.000      803.887     1322.277
      89.831        0.000      803.887     1322.277
      89.931        0.000      803.887     1322.277
      90.033        0.000      803.883     1322.277
      90.143        0.000      803.887     1322.277
      90.254        0.000      803.887     1322.277
      90.356        0.000      803.887     1322.277
      90.471        0.000      803.887     1322.277
      90.588        0.000      803.887     1322.277
      90.689       33.200      803.887     1322.277
      90.790       16.600      803.887     1322.277
      90.905       12.500      803.887     1322.277
      91.006        0.000      803.887     1322.277
      91.107        0.000      803.887     1322.277
      91.210        0.000      803.887     1322.277
      91.326        0.000      803.887     1322.277
      91.427        0.000      803.887     1322.277
      91.527        0.000      803.887     1322.277
      91.628        0.000      803.887     1322.277
      91.731        0.000      803.887     1322.277
      91.834        0.000      803.887     1322.277
      91.950        0.000      803.887     1322.277
      92.057        0.000      803.887     1322.277
      92.162        0.000      803.953     1322.277
      92.271        0.000      803.953     1322.277
      92.372        0.000      803.953     1322.277
      92.472        0.000      803.953     1322.277
      92.579        0.000      803.953     1322.277
      92.688        0.000      803.953     1322.277
      92.788        0.000      803.953     1322.277
      92.889        0.000      803.953     1322.277
      92.990        0.000      803.953     1322.277
      93.112        0.000      803.953     1322.277
      93.213        0.000      803.953     1322.277
      93.313        0.000      803.953     1322.277
      93.429        0.000      803.953     1322.277
      93.544        0.000      803.953     1322.277
      93.645        0.000      803.953     1322.277
      93.745        0.000      803.953     1322.277
      93.846        0.000      803.953     1322.277
      93.947        0.000      803.953     1322.277
      94.048        0.000      803.953     1322.277
      94.149        0.000      803.953     1322.277
      94.249        0.000      803.953     1322.277
      94.350        0.000      803.953     1322.277
      94.451        0.000      803.953     1322.277
      94.551        0.000      803.953     1322.277
      94.652        0.000      803.953     1322.277
      94.753        0.000      803.953     1322.277
      94.853        0.000      803.953     1322.277
      94.953        0.000      803.953     1322.277
      95.054        0.000      803.953     1322.277
      95.154        0.000      803.957     1322.277
      95.255       16.800      803.957     1322.277
      95.355       14.200      803.957     1322.277
      95.456       16.800      803.961     1322.277
      95.556        0.000      803.961     1322.277
      95.671       43.000      803.969     1322.277
      95.781        0.000      803.969     1322.277
      95.892        0.000      803.973     1322.277
      96.004        0.000      803.973     1322.277
      96.104       71.000      803.980     1322.277
      96.205       16.800      803.980     1322.277
      96.305        0.000      803.980     1322.277
      96.406        0.000      803.984     1322.277
      96.528        0.000      803.984     1322.277
      96.632        0.000      803.984     1322.277
      96.732        0.000      803.984     1322.277
      96.841        0.000      803.984     1322.277
      96.942        0.000      803.984     1322.277
      97.042        0.000      803.984     1322.277
      97.143        0.000      803.984     1322.277
      97.258        0.000      803.984     1322.277
      97.359        0.000      803.984     1322.277
      97.459        0.000      803.984     1322.277
      97.559        0.000      803.984     1322.277
      97.659        0.000      803.984     1322.277
      97.760        0.000      803.984     1322.277
      97.861        0.000      803.984     1322.277
      97.963        0.000      803.984     1322.277
      98.076        0.000      803.984     1322.277
      98.177        0.000      803.984     1322.277
      98.278        0.000      803.984     1322.277
      98.378        0.000      803.984     1322.277
      98.488        0.000      803.984     1322.277
