# Elapsed time   CPU (%)     Real (MB)   Virtual (MB)
       0.000        0.000      778.859     1277.578
       0.506        3.000      778.859     1277.578
       1.014       15.600      778.863     1277.578
       1.525       12.100      778.863     1277.578
       2.041       57.600      690.293     1270.570
       2.554       99.900      779.141     1277.652
       3.063      100.000      969.109     1517.004
       3.576       99.900      987.648     1517.004
       4.088      100.100      993.859     1516.930
       4.603      103.000      912.230     1423.023
       5.115      136.300     1055.473     3572.648
       5.641      400.500     1327.020     3572.648
       6.161      359.000     1507.520     3572.648
       6.662      337.500     1619.406     3572.648
       7.163      371.900     1813.406     3572.648
       7.671      371.900     1990.797     3572.648
       8.176      351.300     2116.902     3572.648
       8.681      378.100     2323.797     3572.648
       9.187      362.500     2498.645     3572.648
       9.700      366.400     2672.277     3572.648
      10.216      336.800     2965.609     3572.648
      10.722      363.400     2991.809     3572.648
      11.228      353.100     2834.441     3336.875
      11.733      346.900     2154.836     3275.000
      12.238       99.900      972.832     1529.055
      12.746      100.000      993.695     1529.055
      13.258      100.100     1005.969     1529.055
      13.771       99.900      939.043     1505.832
      14.285      100.100     1068.652     1603.051
      14.794      315.600     1220.207     3584.781
      15.310      375.500     1464.355     3584.781
      15.826      357.300     1609.684     3584.781
      16.334      400.500     1830.023     3584.781
      16.839      365.600     2002.707     3584.781
      17.344      334.400     2129.012     3584.781
      17.850      393.700     2386.348     3584.781
      18.355      390.600     2618.703     3584.781
      18.860      365.600     2786.887     3584.781
      19.366      336.100     3003.918     3584.781
      19.884      385.300     3003.918     3584.781
      20.389      371.900     2866.918     3373.242
      20.899       99.900      971.492     1529.055
      21.410      100.100      988.762     1529.055
      21.922      100.000     1003.680     1529.055
      22.433       99.900     1005.926     1529.055
      22.940       99.900      936.398     1505.832
      23.450      203.100     1123.844     3584.781
      23.957      397.500     1358.309     3584.781
      24.476      366.400     1553.977     3584.781
      24.988      356.200     1680.840     3584.781
      25.489      366.400     1856.547     3584.781
      25.990      375.000     2008.840     3584.781
      26.491      340.600     2128.969     3584.781
      26.995      375.000     2375.961     3584.781
      27.496      390.600     2575.852     3584.781
      28.007      370.100     2715.199     3584.781
      28.508      306.200     2977.676     3584.781
      29.009      334.400     3003.875     3584.781
      29.515      371.900     2858.609     3373.246
      30.021      318.000     1743.070     3287.121
      30.541      100.100      973.504     1529.055
      31.057       99.900      989.016     1529.055
      31.561       96.900     1001.590     1529.055
      32.073       99.900     1005.926     1529.055
      32.592      100.100      924.297     1435.152
      33.094      100.000     1030.652     1577.793
      33.595      387.500     1221.871     3584.781
      34.096      362.500     1413.043     3584.781
      34.597      390.600     1580.492     3584.781
      35.099      372.500     1710.902     3584.781
      35.600      350.000     1886.473     3584.781
      36.112      365.600     2002.730     3584.781
      36.622      324.000     2128.840     3584.781
      37.126      359.400     2224.000     3584.781
      37.631      382.300     2397.004     3584.781
      38.136      390.600     2574.973     3584.781
      38.641      368.800     2713.043     3584.781
      39.147      318.000     2977.551     3584.781
      39.654      371.900     3003.750     3584.781
      40.160      391.400     3003.750     3584.781
      40.667      343.800     2628.996     3287.117
      41.175       99.900      971.367     1529.055
      41.687      103.100      990.750     1529.055
      42.199       99.900     1005.473     1529.055
      42.712      100.100      993.703     1529.055
      43.223       99.900     1018.914     1553.297
      43.732      259.400     1186.574     3584.777
      44.237      381.500     1438.387     3584.777
      44.742      346.900     1607.730     3584.777
      45.247      368.800     1807.980     3584.777
      45.753      361.000     1938.746     3584.777
      46.257      362.500     2128.844     3584.777
      46.762      375.000     2262.051     3584.777
      47.284      393.700     2460.828     3584.777
      47.789      364.100     2655.727     3584.777
      48.295      359.400     2786.723     3584.777
      48.803      324.000     2983.023     3584.777
      49.308      371.900     3003.754     3584.777
      49.814      362.500     2858.488     3373.238
      50.320      254.400      803.203     1301.824
      50.828      100.000      990.621     1541.172
      51.334      100.100     1010.555     1541.172
      51.841      103.100     1017.902     1541.172
      52.348       99.900     1031.016     1565.418
      52.858      103.100     1042.059     1589.906
      53.364      384.600     1292.488     3596.895
      53.869      387.500     1548.020     3596.895
      54.375      340.600     1682.684     3596.895
      54.880      373.200     1898.461     3596.895
      55.384      371.900     2042.883     3596.895
      55.900      372.500     2149.945     3596.895
      56.405      390.600     2357.652     3596.895
      56.910      370.100     2528.395     3596.895
      57.414      346.900     2667.824     3596.895
      57.920      346.900     2798.820     3596.895
      58.427      318.000     2995.121     3596.895
      58.933      387.500     3015.852     3596.895
      59.439      371.900     2870.586     3385.359
      59.945      281.600      862.371     1374.543
      60.456      100.100      988.211     1541.176
      60.964      100.000     1008.684     1541.176
      61.472      103.000     1017.910     1541.176
      61.980      100.000      983.660     1565.422
      62.488      106.000     1078.062     1615.172
      62.996      315.600     1232.141     3596.898
      63.500      403.100     1471.219     3596.898
      64.012      348.900     1615.555     3596.898
      64.513      368.800     1755.438     3596.898
      65.014      300.000     1860.098     3596.898
      65.515      353.100     1958.629     3596.898
      66.016      346.900     2089.102     3596.898
      66.518      350.000     2140.918     3596.898
      67.018      381.200     2235.531     3596.898
      67.530      372.500     2356.242     3596.898
      68.039      330.700     2436.258     3596.898
      68.552      345.200     2540.672     3596.898
      69.075      387.600     2639.832     3596.898
      69.576      334.400     2797.266     3596.898
      70.077      312.500     2988.145     3596.898
      70.594      370.100     3014.344     3596.898
      71.101      396.700     3014.406     3596.863
      71.607      350.000     2869.145     3385.328
      72.127      187.700      777.676     1277.543
      72.644       33.400      777.711     1277.668
      73.155        0.000      777.723     1277.668
      73.659        0.000      777.723     1277.668
      74.171        3.000      777.723     1277.668
      74.674        0.000      777.723     1277.668
      75.177        0.000      777.723     1277.668
      75.693        0.000      777.723     1277.668
      76.204        0.000      777.723     1277.668
      76.712        0.000      777.723     1277.668
      77.213        0.000      777.586     1277.668
      77.724        0.000      777.266     1277.668
      78.233        3.100      777.266     1277.668
      78.736        0.000      777.273     1277.668
      79.255        0.000      777.273     1277.668
      79.772        0.000      777.098     1277.668
      80.273        0.000      777.090     1277.668
      80.777        0.000      777.055     1277.668
      81.288        0.000      777.055     1277.668
      81.789        0.000      777.055     1277.668
      82.289        3.100      777.059     1277.668
      82.791        0.000      777.059     1277.668
      83.295        3.100      777.059     1277.668
      83.799        0.000      777.059     1277.668
      84.304        0.000      777.059     1277.668
      84.804        0.000      777.059     1277.668
      85.318        0.000      777.059     1277.668
      85.832        0.000      777.059     1277.668
      86.335        3.000      777.141     1277.707
      86.835        0.000      777.141     1277.707
      87.336        0.000      777.082     1277.707
      87.867        0.000      777.086     1277.707
      88.382        0.000      777.086     1277.707
      88.886        0.000      777.086     1277.707
      89.401        3.000      776.984     1277.707
      89.902        0.000      776.984     1277.707
      90.426        0.000      776.984     1277.707
      90.928        0.000      776.988     1277.707
      91.435        3.100      777.020     1277.707
      91.935       12.500      777.023     1277.707
      92.435        0.000      777.023     1277.707
      92.943        6.100      777.023     1277.707
      93.455        0.000      777.023     1277.707
      93.959        0.000      777.023     1277.707
