# Elapsed time   CPU (%)     Real (MB)   Virtual (MB)
       0.000        0.000      778.918     1278.055
       0.520        0.000      778.918     1278.055
       1.022        0.000      778.918     1278.055
       1.525        0.000      778.918     1278.055
       2.033        0.000      778.918     1278.055
       2.543        9.400      778.922     1278.055
       3.045       28.100      778.922     1278.055
       3.546       78.100      676.348     1247.945
       4.066      103.000      823.883     1423.695
       4.578      100.100      971.227     1517.602
       5.089      100.000      988.938     1517.602
       5.619       99.900      993.973     1517.539
       6.132      106.200      912.344     1423.633
       6.642      157.500     1070.445     3573.254
       7.160      390.600     1296.508     3573.254
       7.661      371.900     1526.785     3573.254
       8.168      359.400     1656.410     3573.254
       8.674      364.100     1874.547     3573.254
       9.181      387.500     2031.523     3573.254
       9.698      351.300     2120.406     3573.254
      10.205      348.900     2286.996     3573.254
      10.721      366.400     2432.730     3573.254
      11.222      342.200     2591.594     3573.254
      11.738      309.400     2643.910     3573.254
      12.259      347.200     2774.906     3573.254
      12.780      308.900     2965.738     3573.254
      13.294      351.900     2991.938     3573.254
      13.819      354.300     2991.938     3573.254
      14.339      336.800     2846.660     3361.727
      14.859      393.700     2846.660     3361.727
      15.369      163.500      791.375     1290.305
      15.879      100.100      971.641     1529.664
      16.399      103.000      986.527     1529.664
      16.899      100.000      997.672     1529.664
      17.409       99.900     1006.074     1529.664
      17.919      100.000     1006.074     1529.664
      18.424       97.100     1019.188     1553.906
      18.946       99.900     1019.188     1553.906
      19.455      172.900     1082.531     3585.383
      19.974      372.500     1251.000     3585.383
      20.485      354.300     1411.773     3585.383
      20.999      365.600     1554.047     3585.383
      21.509      323.700     1600.395     3585.383
      22.039      330.100     1693.508     3585.383
      22.559      335.500     1824.734     3585.383
      23.080      345.900     1887.027     3585.383
      23.600      378.500     2043.633     3585.383
      24.119      320.700     2129.141     3585.383
      24.639      345.200     2214.977     3585.383
      25.159      378.500     2372.691     3585.383
      25.669      359.400     2494.531     3585.383
      26.175      373.200     2629.586     3585.383
      26.699      369.400     2737.816     3585.383
      27.209      318.600     2952.480     3585.383
      27.739      367.100     3004.086     3585.383
      28.259      373.700     3004.086     3585.383
      28.775      423.900     3004.086     3585.383
      29.294      361.000     2858.820     3373.852
      29.819      254.400     1019.098     3287.738
      30.339      100.000      970.883     1529.664
      30.849      100.000      977.820     1529.664
      31.359       99.900      991.988     1529.664
      31.880      100.100     1001.859     1529.664
      32.389       99.900     1006.137     1529.664
      32.899      109.400     1006.141     1529.664
      33.420      103.000      924.578     1435.824
      33.934      103.100     1058.273     1603.727
      34.439      224.100     1115.477     3585.449
      34.959      364.100     1264.641     3585.449
      35.479      369.400     1430.340     3585.449
      35.999      364.900     1554.270     3585.449
      36.524      351.300     1634.520     3585.449
      37.039      367.800     1729.707     3585.449
      37.559      339.100     1848.406     3585.449
      38.080      343.800     1911.582     3585.449
      38.584      370.100     2055.898     3585.449
      39.099      342.200     2129.262     3585.449
      39.614      366.400     2191.762     3585.449
      40.139      350.200     2338.684     3585.449
      40.659      378.500     2444.961     3585.449
      41.160      384.400     2575.137     3585.449
      41.664      315.600     2656.141     3585.449
      42.189      350.200     2787.102     3585.449
      42.699      333.700     2977.969     3585.449
      43.209      365.600     2999.324     3585.449
      43.719      339.100     3004.168     3585.449
      44.240      390.600     3004.168     3585.449
      44.754      351.900     2858.902     3373.914
      45.279      375.500     2786.156     3332.262
      45.779      103.100      779.422     1278.250
      46.310      105.900      971.785     1529.730
      46.820       96.900      983.406     1529.730
      47.335       97.100      996.227     1529.730
      47.859       99.900     1005.238     1529.730
      48.369       99.900     1006.219     1529.730
      48.879       97.100      952.332     1506.508
      49.399       99.900      936.691     1506.508
      49.899      100.000     1005.805     1578.461
      50.420      350.200     1183.422     3585.602
      50.929      368.800     1325.758     3585.602
      51.439      378.500     1494.629     3585.602
      51.959      367.100     1571.176     3585.602
      52.474      363.400     1634.578     3585.602
      52.999      367.800     1763.082     3585.602
      53.519      339.100     1886.762     3585.570
      54.039      372.500     1957.094     3585.570
      54.559      348.900     2077.395     3585.570
      55.079      317.800     2129.246     3585.570
      55.594      384.400     2247.441     3585.570
      56.099      366.400     2381.957     3585.570
      56.620      324.000     2491.938     3585.570
      57.139      353.100     2614.684     3585.570
      57.659      351.300     2694.766     3585.570
      58.160      300.000     2787.121     3585.570
      58.679      311.900     2977.953     3585.570
      59.205      388.300     3004.152     3585.570
      59.720      363.400     3004.152     3585.570
      60.229      353.100     2858.887     3374.035
      60.739      396.700     2858.887     3374.035
      61.259      182.400      779.406     1278.371
      61.779      100.000      971.770     1529.852
      62.300      100.000      981.219     1529.852
      62.819       99.900      995.570     1529.852
      63.324       96.900     1004.676     1529.852
      63.840      100.100     1006.203     1529.852
      64.355       99.900      951.672     1506.629
      64.874       96.900      938.809     1506.629
      65.379      100.100     1029.844     1578.582
      65.890      375.000     1197.504     3585.570
      66.409      384.800     1357.598     3585.570
      66.924      376.200     1520.215     3585.570
      67.439      309.400     1600.410     3585.570
      67.940      363.400     1677.168     3585.570
      68.450      353.100     1777.027     3585.570
      68.959      333.700     1886.762     3585.570
      69.479      375.500     1962.543     3585.570
      69.989      345.200     2077.395     3585.570
      70.505      342.800     2129.246     3585.570
      71.019      378.500     2247.207     3585.570
      71.539      348.200     2386.582     3585.570
      72.050      382.300     2494.105     3585.570
      72.559      357.300     2614.684     3585.570
      73.084      351.900     2699.293     3585.570
      73.600      342.200     2787.121     3585.570
      74.120      321.000     2977.953     3585.570
      74.639      353.100     3004.152     3585.570
      75.155      369.400     3004.152     3585.570
      75.679      358.000     2858.891     3374.035
      76.199      384.600     2858.891     3374.035
      76.704      172.900      812.105     1314.738
      77.219      100.000      983.871     1541.969
      77.720       99.900      994.383     1541.969
      78.239       99.900     1008.094     1541.969
      78.759      100.100     1016.906     1541.969
      79.279       99.900     1018.305     1541.969
      79.799      100.100      970.594     1518.746
      80.300      100.000      948.777     1518.746
      80.815       99.900     1042.102     1590.699
      81.329      391.400     1214.270     3597.688
      81.849      360.300     1368.004     3597.688
      82.364      372.500     1511.562     3597.688
      82.880      364.100     1583.258     3597.688
      83.399      363.400     1646.660     3597.688
      83.919      384.600     1779.984     3597.688
      84.429      364.900     1898.512     3597.688
      84.950      365.600     1918.871     3597.688
      85.459      355.000     2030.191     3597.688
      85.979      299.800     2140.672     3597.688
      86.500      361.900     2181.133     3597.688
      87.019      363.400     2324.309     3597.688
      87.539      370.800     2430.598     3597.688
      88.064      375.500     2561.082     3597.688
      88.569      350.000     2668.242     3597.688
      89.099      338.400     2799.203     3597.688
      89.624      338.400     2990.070     3597.688
      90.139      363.400     3006.871     3597.688
      90.659      369.400     3016.270     3597.688
      91.179      394.400     3016.270     3597.688
      91.699      372.500     2871.027     3386.156
      92.209      382.300     2733.176     3300.043
      92.710      100.000      828.652     1411.848
      93.219       99.900      984.152     1542.121
      93.729      100.000      999.117     1542.121
      94.240       99.900     1010.371     1542.121
      94.745       96.900     1018.367     1542.121
      95.259      100.100     1018.367     1542.121
      95.779       99.900     1031.480     1566.359
      96.289      100.000      923.605     1566.359
      96.799      118.300      982.961     3597.844
      97.309      384.600     1120.727     3597.844
      97.829      348.900     1235.355     3597.844
      98.349      384.600     1403.719     3597.844
      98.859      336.100     1493.816     3597.844
      99.379      327.700     1574.066     3597.844
      99.899      384.600     1667.180     3597.844
     100.399      327.000     1787.953     3597.844
     100.919      333.700     1846.324     3597.844
     101.439      363.400     1983.301     3597.844
     101.960      348.900     2068.812     3597.844
     102.479      360.300     2141.164     3597.844
     102.999      359.000     2276.340     3597.844
     103.519      342.200     2382.543     3597.844
     104.039      363.400     2520.941     3597.844
     104.540      368.800     2595.691     3597.844
     105.054      336.800     2726.688     3597.844
     105.580      300.100     2917.520     3597.844
     106.099      351.300     2943.719     3597.844
     106.624      359.000     2943.719     3597.844
     107.144      366.400     2786.352     3362.062
     107.658      372.500     2798.453     3386.312
     108.174      206.300      706.957     1290.645
     108.680       56.200      709.191     1278.586
     109.200        0.000      709.191     1278.586
     109.719        0.000      709.191     1278.586
     110.240        0.000      709.191     1278.586
     110.760        0.000      709.191     1278.586
     111.280        0.000      709.191     1278.586
     111.800        2.900      709.266     1278.586
     112.320        0.000      709.266     1278.586
     112.840        0.000      709.266     1278.586
     113.360        0.000      709.266     1278.586
     113.880        0.000      709.266     1278.586
     114.400        0.000      709.266     1278.586
     114.900        0.000      709.266     1278.586
