# Elapsed time   CPU (%)     Real (MB)   Virtual (MB)
       0.000        0.000      747.754     1191.070
       0.217        0.000      747.754     1191.070
       0.421        0.000      747.754     1191.070
       0.622        7.700      747.754     1191.070
       0.823       30.800      747.766     1191.070
       1.024       30.800      747.809     1191.070
       1.226       15.400      747.809     1191.070
       1.427       30.800      747.809     1191.070
       1.631        0.000      747.809     1191.070
       1.831        0.000      747.809     1191.070
       2.048        0.000      747.809     1191.070
       2.249        0.000      747.809     1191.070
       2.450        0.000      747.809     1191.070
       2.651        0.000      747.809     1191.070
       2.852       46.200      747.875     1191.133
       3.055       53.900      680.586     1189.152
       3.266      135.600      744.543     1187.699
       3.470      100.100      816.824     1284.137
       3.673      100.100      824.133     1284.137
       3.875       99.600      830.047     1284.137
       4.078      100.100      796.754     1272.102
       4.281      246.300      886.445     1682.699
       4.483      401.100     1000.527     1682.699
       4.705      398.900     1107.555     1682.699
       4.927      379.900     1169.875     1613.832
       5.129      214.500      789.191     1288.094
       5.332      100.100      827.215     1288.094
       5.535      100.100      833.484     1288.094
       5.738      100.100      796.734     1243.941
       5.941      215.500      881.023     1686.656
       6.163      399.500     1009.191     1686.656
       6.385      392.400     1118.445     1686.656
       6.607      387.300     1177.883     1625.836
       6.831      164.100      820.824     1288.094
       7.034      100.100      828.676     1288.094
       7.237      100.100      834.477     1288.094
       7.440      100.100      816.508     1276.059
       7.643      261.700      904.996     1686.656
       7.845      400.200     1015.723     1686.656
       8.067      399.500     1118.230     1686.656
       8.289      378.100     1177.883     1625.836
       8.511      249.700      790.750     1288.094
       8.715      100.100      827.328     1288.094
       8.920      107.800      833.383     1288.094
       9.130       99.900      796.738     1243.941
       9.333      169.300      870.734     1686.656
       9.551      401.400      999.148     1686.656
       9.759      398.300     1083.613     1686.656
       9.978      401.400     1203.969     1686.656
      10.199      313.900      760.613     1203.727
      10.421       99.900      829.094     1292.117
      10.624      100.100      836.039     1292.117
      10.827      100.100      840.840     1300.160
      11.030      100.100      849.250     1690.680
      11.233      400.200      965.820     1690.680
      11.455      379.000     1072.324     1690.680
      11.677      401.400     1190.066     1690.680
      11.899      292.500      749.562     1195.680
      12.102      100.100      824.617     1288.094
      12.305      100.100      831.746     1288.094
      12.508       99.600      836.824     1296.141
      12.711      100.100      839.965     1686.656
      12.914      400.200      960.398     1686.656
      13.116      400.200     1056.844     1686.656
      13.338      399.500     1179.727     1686.656
      13.560      315.400      867.434     1599.180
      13.783       99.700      827.840     1292.117
      13.986      100.100      835.238     1292.117
      14.189      100.100      813.516     1280.082
      14.393      100.100      828.070     1310.691
      14.595      400.200      957.914     1690.680
      14.817      378.100     1072.324     1690.680
      15.019      400.200     1179.195     1690.680
      15.241      378.100      973.453     1603.203
      15.444      100.100      826.785     1292.117
      15.646      100.100      834.664     1292.117
      15.850      100.100      800.762     1280.082
      16.054      100.100      811.297     1310.691
      16.256      352.300      941.508     1690.680
      16.459      392.500     1039.391     1690.680
      16.680      401.400     1161.766     1690.680
      16.902      378.100     1181.902     1629.859
      17.125      152.900      824.844     1292.117
      17.330      100.100      833.457     1292.117
      17.533      100.100      838.898     1292.117
      17.736      100.100      840.840     1300.160
      17.958      313.900      932.941     1690.680
      18.161      400.200     1033.137     1690.680
      18.363      400.200     1140.035     1690.680
      18.585      378.100     1181.902     1629.859
      18.788      169.300      824.844     1292.117
      18.991      100.100      832.301     1292.117
      19.194      100.100      838.191     1292.117
      19.396      100.100      808.836     1280.082
      19.599      238.600      896.695     1690.680
      19.801      400.200     1014.734     1690.680
      20.024      385.300     1128.777     1690.680
      20.226      377.200     1181.582     1629.859
      20.429      238.600      776.691     1292.117
      20.631       99.600      830.832     1292.117
      20.834      100.100      837.297     1292.117
      21.037      100.100      800.754     1247.965
      21.241      192.400      879.953     1690.680
      21.444      400.200      995.246     1690.680
      21.666      392.400     1094.918     1690.680
      21.868      377.200     1202.949     1690.680
      22.090      335.300      752.582     1195.684
      22.293      100.100      827.977     1292.117
      22.496      100.100      835.309     1292.117
      22.699      115.500      805.770     1280.082
      22.903      100.100      816.211     1310.691
      23.118      356.700      954.824     1690.680
      23.318      400.200     1046.977     1690.680
      23.540      399.500     1163.855     1690.680
      23.762      378.100     1181.902     1629.859
      23.965      100.100      824.844     1292.121
      24.169      100.100      833.199     1292.121
      24.374      100.100      838.898     1292.121
      24.579       99.900      840.840     1300.168
      24.782      307.900      916.789     1690.680
      25.004      399.500     1033.137     1690.680
      25.226      401.400     1149.820     1690.680
      25.428      400.200     1181.902     1629.863
      25.640      164.100      824.844     1292.117
      25.843       99.700      832.703     1292.117
      26.046      100.100      838.449     1292.117
      26.251       99.900      821.227     1300.160
      26.454      284.800      910.152     1690.680
      26.676      401.400     1029.066     1690.680
      26.878      398.300     1131.645     1690.680
      27.080      377.200     1181.902     1629.859
      27.283      277.100      749.016     1192.109
      27.490       15.400      749.016     1192.109
      27.691        0.000      749.016     1192.109
      27.891        0.000      749.016     1192.109
      28.093        0.000      749.016     1192.109
      28.295        0.000      749.016     1192.109
      28.496        7.700      749.016     1192.109
      28.700        0.000      749.016     1192.109
      28.902        0.000      749.016     1192.109
      29.103        0.000      749.016     1192.109
      29.305        0.000      749.016     1192.109
      29.506        0.000      749.016     1192.109
      29.709        0.000      749.016     1192.109
      29.911        0.000      749.016     1192.109
      30.119        0.000      749.016     1192.109
      30.321        0.000      749.016     1192.109
      30.522        0.000      749.016     1192.109
      30.724        7.700      749.016     1192.109
      30.938        0.000      749.016     1192.109
      31.139        0.000      749.016     1192.109
      31.339        0.000      749.016     1192.109
      31.543        0.000      749.016     1192.109
      31.747        7.700      749.016     1192.109
      31.951        0.000      749.016     1192.109
      32.154        0.000      749.016     1192.109
      32.374        0.000      749.016     1192.109
      32.590        0.000      749.016     1192.109
      32.791        0.000      749.016     1192.109
      32.992        0.000      749.016     1192.109
      33.193        0.000      749.016     1192.109
      33.395        0.000      749.016     1192.109
      33.597        0.000      749.016     1192.109
      33.797        0.000      749.016     1192.109
      33.998        0.000      749.016     1192.109
      34.215        0.000      749.016     1192.109
      34.416        0.000      749.016     1192.109
      34.617        0.000      749.016     1192.109
      34.817        0.000      749.016     1192.109
      35.018        0.000      749.016     1192.109
      35.219        0.000      749.016     1192.109
      35.422        0.000      749.016     1192.109
      35.643        0.000      749.016     1192.109
      35.844        0.000      749.016     1192.109
      36.046        0.000      749.016     1192.109
      36.249        0.000      749.016     1192.109
      36.464        0.000      749.016     1192.109
      36.665        0.000      749.016     1192.109
      36.867        0.000      749.016     1192.109
      37.068        0.000      749.016     1192.109
