# Elapsed time   CPU (%)     Real (MB)   Virtual (MB)
       0.000        0.000      727.320     1179.102
       0.201        7.700      727.363     1179.168
       0.402       30.800      727.363     1179.168
       0.602        0.000      727.363     1179.168
       0.803        7.700      727.363     1179.168
       1.004        0.000      727.363     1179.168
       1.206        7.700      727.363     1179.168
       1.408        0.000      727.363     1179.168
       1.608       16.600      727.434     1179.168
       1.824      171.200      682.684     1166.371
       2.050      100.200      732.895     1184.477
       2.253      100.100      799.723     1272.867
       2.455      100.100      807.301     1272.867
       2.658      100.100      773.832     1260.832
       2.860       99.600      783.590     1291.441
       3.082      358.400      928.352     1671.430
       3.285      400.200     1021.645     1671.430
       3.507      399.500     1141.398     1671.430
       3.729      356.700     1039.695     1583.891
       3.932      100.100      802.496     1276.828
       4.134      100.100      810.668     1276.828
       4.337      100.100      777.035     1264.793
       4.540      100.100      787.570     1295.402
       4.742      329.400      914.867     1675.391
       4.965      387.000     1021.125     1675.391
       5.167      400.200     1130.094     1675.391
       5.389      339.100     1158.176     1614.570
       5.591      125.300      801.117     1276.828
       5.794      107.800      809.121     1276.828
       5.996       99.600      814.848     1276.828
       6.199      100.100      801.090     1284.875
       6.421      280.400      894.750     1675.391
       6.623      398.900      996.016     1675.391
       6.845      380.600     1105.988     1675.391
       7.067      378.100     1158.176     1614.570
       7.270      192.400      786.664     1276.828
       7.473      100.100      807.891     1276.828
       7.675      100.100      813.938     1276.828
       7.878      100.100      781.047     1264.793
       8.081      215.500      861.316     1675.391
       8.303      378.100      991.008     1675.391
       8.525      385.300     1096.699     1675.391
       8.747      378.100     1158.176     1614.570
       8.949      261.700      747.281     1224.629
       9.171      100.200      811.441     1280.852
       9.374      100.100      817.719     1280.852
       9.576      100.100      781.043     1236.699
       9.799      228.300      874.215     1679.414
      10.001      400.200      989.695     1679.414
      10.223      385.300     1090.359     1679.414
      10.445      385.300     1158.172     1610.547
      10.667      229.400      791.574     1276.828
      10.870       99.600      808.012     1276.828
      11.073      100.100      814.102     1276.828
      11.276      100.100      781.047     1264.793
      11.479      215.500      869.684     1675.391
      11.681      400.200      982.828     1675.391
      11.903      371.000     1082.438     1675.391
      12.126      360.600     1198.227     1675.391
      12.348      206.900      775.184     1280.852
      12.551      100.100      811.410     1280.852
      12.753      100.100      817.711     1280.852
      12.956      100.100      781.043     1236.699
      13.178      206.900      876.473     1679.414
      13.400      399.500     1004.285     1679.414
      13.622      399.500     1112.062     1679.414
      13.844      353.900     1162.191     1618.594
      14.046      215.500      770.656     1280.852
      14.248      100.100      811.324     1280.852
      14.451       99.700      817.660     1280.852
      14.654      100.300      781.043     1236.699
      14.877      206.900      869.484     1679.414
      15.099      399.500      991.715     1679.414
      15.321      399.500     1098.836     1679.414
      15.543      401.400     1158.172     1610.551
      15.765      219.400      778.895     1280.852
      15.987       99.900      812.301     1280.852
      16.190      100.100      818.336     1280.852
      16.392      100.100      786.168     1268.816
      16.595      238.600      875.859     1679.414
      16.817      399.500     1000.031     1679.414
      17.039      358.400     1116.344     1679.414
      17.261      356.700     1162.191     1618.594
      17.483      179.500      805.133     1280.852
      17.686      100.100      813.133     1280.852
      17.888      100.300      818.891     1280.852
      18.092       99.900      807.188     1288.895
      18.295      275.700      894.008     1679.414
      18.517      385.600     1008.914     1679.414
      18.738      399.500     1115.859     1679.414
      18.941      400.200     1162.191     1618.594
      19.163      229.400      796.023     1280.852
      19.365       99.600      812.090     1280.852
      19.568      100.100      818.117     1280.852
      19.771      107.800      785.062     1268.816
      19.973      215.500      872.688     1679.414
      20.175      400.200      991.715     1679.414
      20.398      399.500     1101.805     1679.414
      20.619      378.100     1158.172     1610.551
      20.841      207.900      805.074     1280.852
      21.043      100.100      812.188     1280.852
      21.246       99.600      818.207     1280.852
      21.448      100.100      785.062     1268.816
      21.651      215.500      873.613     1679.414
      21.853      377.200      988.910     1679.414
      22.075      385.300     1088.746     1679.344
      22.297      400.600     1202.203     1679.344
      22.519      206.900      766.383     1280.777
      22.722      100.100      811.215     1280.777
      22.925      100.100      817.594     1280.777
      23.138      100.100      781.004     1236.625
      23.358      159.600      849.496     1679.402
      23.564      400.200      974.152     1679.402
      23.766      392.500     1061.223     1679.402
      23.988      399.500     1183.234     1679.402
      24.210      258.000      736.883     1188.430
      24.434       99.900      810.426     1280.840
      24.636      100.100      816.953     1280.840
      24.839      100.100      821.125     1288.883
      25.041      146.200      846.008     1679.402
      25.263      399.500      981.129     1679.402
      25.486      398.900     1088.781     1679.402
      25.708      401.400     1202.238     1679.402
      25.930      285.400      728.922     1180.379
      26.139       23.100      728.941     1180.379
      26.344       30.800      728.953     1180.379
      26.545        0.000      728.953     1180.379
      26.749        0.000      728.953     1180.379
      26.957        0.000      728.953     1180.379
      27.172        0.000      728.953     1180.379
      27.373        0.000      728.953     1180.379
      27.574        0.000      728.953     1180.379
      27.777        0.000      728.918     1180.305
      27.978        0.000      728.918     1180.305
      28.186        0.000      728.918     1180.305
      28.404        0.000      728.918     1180.305
      28.605        0.000      728.918     1180.305
      28.806        0.000      728.918     1180.305
      29.008        0.000      728.918     1180.305
      29.209        0.000      728.918     1180.305
      29.410        0.000      728.918     1180.305
      29.625        0.000      728.918     1180.305
      29.833        0.000      728.918     1180.305
      30.041        0.000      728.918     1180.305
      30.254        0.000      728.918     1180.305
      30.457        0.000      728.918     1180.305
      30.660        0.000      728.926     1180.371
      30.873        0.000      728.926     1180.371
      31.075        0.000      728.926     1180.371
      31.287        7.200      728.926     1180.371
