# Elapsed time   CPU (%)     Real (MB)   Virtual (MB)
       0.000        0.000      737.273     1187.387
       0.210        0.000      737.273     1187.387
       0.418        0.000      737.273     1187.387
       0.619       23.100      737.273     1187.387
       0.823       38.500      737.273     1187.387
       1.024        0.000      737.273     1187.387
       1.225        0.000      737.273     1187.387
       1.429        7.700      737.273     1187.387
       1.630       41.600      737.430     1187.449
       1.835      171.200      694.832     1172.383
       2.061      100.300      742.590     1192.500
       2.265      146.200      808.875     1277.883
       2.471       99.600      816.891     1277.883
       2.677      100.300      784.184     1265.848
       2.882      100.100      795.559     1296.457
       3.085      352.300      931.082     1676.445
       3.287      400.200     1032.480     1676.445
       3.489      392.500     1143.895     1676.445
       3.711      378.100     1163.996     1615.559
       3.913      100.100      810.953     1281.840
       4.116      100.100      819.863     1281.840
       4.319      100.100      809.734     1277.816
       4.524      100.100      841.504     1304.469
       4.727      331.000      915.055     1680.402
       4.949      399.500     1022.035     1680.402
       5.152      400.200     1130.121     1680.402
       5.374      335.300     1168.012     1619.582
       5.576      146.200      810.953     1281.840
       5.781      100.100      819.242     1281.840
       5.986      100.100      825.000     1281.840
       6.191      100.100      826.949     1289.887
       6.394      292.500      907.348     1680.402
       6.596      398.300     1015.176     1680.402
       6.818      387.300     1131.734     1680.402
       7.040      342.500     1168.012     1619.582
       7.244      192.400      810.953     1281.840
       7.449      100.100      818.430     1281.840
       7.654      100.100      824.441     1281.840
       7.859      100.100      804.602     1269.805
       8.063      261.700      892.066     1680.402
       8.265      400.200     1005.852     1680.402
       8.468      398.300     1102.539     1680.402
       8.670      400.200     1188.789     1667.723
       8.892      250.900      765.281     1285.863
       9.096       99.600      820.801     1285.863
       9.301      100.300      827.422     1285.863
       9.506      100.100      790.879     1241.711
       9.710      191.500      872.148     1684.426
       9.913      400.200      993.289     1684.426
      10.115      361.800     1077.445     1684.426
      10.317      377.200     1193.074     1684.426
      10.539      292.500      742.707     1189.426
      10.744      100.100      815.730     1281.840
      10.948      100.100      822.559     1281.840
      11.153      100.100      826.949     1289.887
      11.358      146.200      847.793     1680.402
      11.566      407.900      961.297     1680.402
      11.766      377.200     1048.309     1680.402
      11.967      398.300     1157.105     1680.402
      12.172      377.200     1168.020     1619.582
      12.375      146.200      814.977     1285.863
      12.580      100.100      823.512     1285.863
      12.786       99.900      829.031     1285.863
      12.991      100.100      830.973     1293.906
      13.194      307.900      910.516     1684.426
      13.397      377.200     1019.199     1684.426
      13.599      377.200     1125.781     1684.426
      13.821      399.500     1172.035     1623.605
      14.024      146.200      814.977     1285.863
      14.229      100.100      822.660     1285.863
      14.433      100.100      828.504     1285.863
      14.637      100.100      807.164     1273.828
      14.840      260.400      895.938     1684.430
      15.063      401.400     1014.129     1684.430
      15.285      405.600     1124.742     1684.430
      15.487      376.000     1172.035     1623.605
      15.690      215.500      793.094     1285.863
      15.895       99.900      821.699     1285.863
      16.099      100.100      827.871     1285.863
      16.303      100.100      794.906     1273.828
      16.506      223.200      874.324     1684.426
      16.708      398.300      990.977     1684.426
      16.930      379.900     1098.629     1684.426
      17.152      399.500     1212.086     1684.426
      17.355      215.500      762.805     1241.711
      17.560      100.100      820.648     1285.863
      17.765      100.100      827.277     1285.863
      17.970       99.600      790.887     1241.711
      18.174      169.300      864.777     1684.426
      18.377      400.200      984.992     1684.426
      18.599      400.600     1093.309     1684.426
      18.821      378.100     1212.086     1684.426
      19.023      238.600      742.715     1189.430
      19.228      100.100      820.211     1285.863
      19.433      100.100      827.004     1285.863
      19.638      100.100      790.887     1241.711
      19.843      168.500      864.547     1684.426
      20.046      407.900      985.762     1684.426
      20.248      377.200     1078.508     1684.426
      20.450      377.200     1177.430     1684.426
      20.672      313.900      800.395     1596.949
      20.877      100.100      817.809     1285.863
      21.081      100.100      825.340     1285.863
      21.287       99.900      804.496     1273.828
      21.493      100.100      823.531     1304.438
      21.695      400.200      950.629     1684.426
      21.898      400.200     1048.141     1684.426
      22.120      363.900     1169.328     1684.426
      22.342      328.200     1117.590     1596.949
      22.546      100.100      816.242     1285.863
      22.751      100.100      824.609     1285.863
      22.956      100.100      790.895     1273.828
      23.160       99.900      801.430     1304.438
      23.363      350.900      933.168     1684.426
      23.565      407.900     1029.594     1684.426
      23.768      400.200     1139.438     1684.426
      23.970      352.300     1172.035     1623.605
      24.173      238.600      788.637     1285.863
      24.379      100.300      821.570     1285.863
      24.584       99.600      827.938     1285.863
      24.790      100.100      794.906     1273.828
      24.994      215.500      884.953     1684.426
      25.216      399.500     1009.875     1684.426
      25.439      387.000     1120.820     1684.426
      25.641      354.100     1172.035     1623.605
      25.844      237.400      738.770     1185.402
      26.048       30.800      738.773     1185.402
      26.249        0.000      738.773     1185.402
      26.460        0.000      738.773     1185.402
      26.661        0.000      738.773     1185.402
      26.862        0.000      738.773     1185.402
      27.066        0.000      738.773     1185.402
      27.270        0.000      738.773     1185.402
      27.491        0.000      738.773     1185.402
      27.697        0.000      738.773     1185.402
      27.901        0.000      738.773     1185.402
      28.102        0.000      738.773     1185.402
      28.302        7.700      738.773     1185.402
      28.506        0.000      738.773     1185.402
      28.719        0.000      738.773     1185.402
      28.921        0.000      738.773     1185.402
      29.123        0.000      738.773     1185.402
      29.325        0.000      738.773     1185.402
      29.526        0.000      738.773     1185.402
      29.728        0.000      738.773     1185.402
      29.931        0.000      738.773     1185.402
      30.133        0.000      738.773     1185.402
      30.333        0.000      738.773     1185.402
      30.534        0.000      738.773     1185.402
      30.735        0.000      738.773     1185.402
      30.937        0.000      738.773     1185.402
      31.141        0.000      738.773     1185.402
      31.347        0.000      738.773     1185.402
      31.561        0.000      738.773     1185.402
      31.762        0.000      738.773     1185.402
      31.963        0.000      738.773     1185.402
