# Elapsed time   CPU (%)     Real (MB)   Virtual (MB)
       0.000        0.000     1532.152     9101.863
       0.201        0.000     1532.152     9101.863
       0.402        5.000     1532.152     9101.863
       0.604        0.000     1532.152     9101.863
       0.805        5.000     1532.152     9101.863
       1.006        5.000     1532.152     9101.863
       1.207        9.900     1532.152     9101.863
       1.408        5.000     1532.152     9101.863
       1.610        9.900     1532.152     9101.863
       1.811        5.000     1532.152     9101.863
       2.012       94.600     1532.152     9101.863
       2.213      109.700     1532.152     9101.863
       2.414      344.000     1610.910     9506.105
       2.614      379.200     1709.648     9506.105
       2.815      383.600     1819.926     9506.105
       3.015      358.500     1872.359     9442.105
       3.216      164.400     1532.117     9101.863
       3.417      324.100     1629.867     9506.105
       3.617      398.800     1750.781     9506.105
       3.818      353.800     1889.363     9506.105
       4.019      383.300     1872.520     9442.105
       4.220      109.600     1532.277     9101.863
       4.420      373.800     1636.961     9506.105
       4.621      393.700     1769.477     9506.105
       4.822      353.800     1893.129     9506.105
       5.023      368.400     1872.516     9442.105
       5.224      109.600     1532.273     9101.863
       5.424      378.800     1648.828     9506.105
       5.625      398.900     1778.766     9506.105
       5.825      344.000     1894.152     9506.105
       6.026      299.000     1532.176     9101.863
       6.227      204.300     1582.352     9506.105
       6.427      388.800     1700.031     9506.105
       6.628      378.400     1819.832     9506.105
       6.829      348.700     1895.629     9506.105
       7.030      234.100     1532.066     9101.863
       7.230      269.200     1612.355     9506.105
       7.431      383.900     1720.438     9506.105
       7.631      378.900     1827.590     9506.105
       7.832      354.000     1872.344     9506.105
       8.032      169.500     1532.102     9101.863
       8.233      324.000     1630.082     9506.105
       8.434      393.700     1749.191     9506.105
       8.634      363.700     1834.000     9506.105
       8.835      348.600     1895.613     9506.105
       9.036      189.300     1531.855     9101.863
       9.237      314.100     1630.043     9506.105
       9.437      393.700     1746.316     9506.105
       9.638      368.600     1833.875     9506.105
       9.839      373.300     1878.805     9442.105
      10.040      139.400     1538.562     9101.863
      10.240      349.100     1642.711     9506.105
      10.441      398.600     1761.562     9506.105
      10.642      338.700     1894.250     9506.105
      10.842      383.500     1727.402     9442.105
      11.043      114.700     1547.352     9506.105
      11.244      383.900     1661.375     9506.105
      11.444      403.600     1783.836     9506.105
      11.645      328.800     1899.758     9506.105
      11.846      319.000     1538.527     9101.863
      12.046      184.500     1581.672     9506.105
      12.247      383.900     1694.961     9506.105
      12.447      383.800     1817.609     9506.105
      12.648      348.600     1902.164     9506.105
      12.849      239.000     1538.566     9101.863
      13.050      269.200     1618.879     9506.105
      13.250      393.700     1728.863     9506.105
      13.451      368.700     1840.656     9506.105
      13.652      358.400     1878.980     9442.105
      13.853      164.400     1538.738     9101.863
      14.053      338.900     1642.590     9506.105
      14.254      397.400     1741.848     9506.105
      14.456      363.300     1840.223     9506.105
      14.656      353.800     1878.785     9442.105
      14.857      159.500     1538.543     9101.863
      15.057      324.100     1639.027     9506.105
      15.258      398.900     1755.816     9506.105
      15.459      353.900     1865.305     9506.105
      15.659      373.800     1840.719     9442.105
      15.860      104.600     1543.242     9506.105
      16.061      388.800     1658.555     9506.105
      16.261      398.700     1778.953     9506.105
      16.462      338.700     1899.770     9506.105
      16.663      324.000     1538.562     9101.863
      16.863      174.500     1578.629     9506.105
      17.064      388.700     1690.902     9506.105
      17.265      383.700     1817.645     9506.105
      17.465      348.900     1901.941     9506.105
      17.666      244.200     1538.395     9101.863
      17.867       24.900     1538.395     9101.863
      18.068        9.900     1538.395     9101.863
      18.269        0.000     1538.395     9101.863
      18.471        0.000     1538.395     9101.863
      18.672        0.000     1538.395     9101.863
      18.874        5.000     1538.395     9101.863
      19.075        0.000     1538.395     9101.863
      19.276        0.000     1538.395     9101.863
      19.476        0.000     1538.395     9101.863
      19.677        0.000     1538.395     9101.863
      19.878        0.000     1538.395     9101.863
      20.079        0.000     1538.395     9101.863
      20.280        0.000     1538.395     9101.863
      20.481        5.000     1538.395     9101.863
      20.683        0.000     1538.395     9101.863
      20.884        5.000     1538.395     9101.863
      21.086        0.000     1538.395     9101.863
      21.287        0.000     1538.395     9101.863
      21.489        0.000     1538.395     9101.863
      21.690        0.000     1538.395     9101.863
      21.891        0.000     1538.395     9101.863
      22.093        0.000     1538.395     9101.863
      22.295        5.000     1538.395     9101.863
      22.496        0.000     1538.395     9101.863
      22.698        0.000     1538.395     9101.863
      22.899        0.000     1538.395     9101.863
      23.101        0.000     1538.395     9101.863
      23.303        0.000     1538.395     9101.863
      23.504        0.000     1538.395     9101.863
      23.705        0.000     1538.395     9101.863
      23.907        0.000     1538.395     9101.863
      24.109        0.000     1538.395     9101.863
      24.310        5.000     1538.395     9101.863
      24.512        0.000     1538.395     9101.863
      24.713        0.000     1538.395     9101.863
      24.915        0.000     1538.395     9101.863
      25.116        0.000     1538.395     9101.863
      25.317        0.000     1538.395     9101.863
      25.519        5.000     1538.395     9101.863
      25.721        5.000     1538.395     9101.863
