# Elapsed time   CPU (%)     Real (MB)   Virtual (MB)
       0.000        0.000     1531.363     9101.863
       0.208        4.800     1531.363     9101.863
       0.410        0.000     1531.363     9101.863
       0.611        9.900     1531.363     9101.863
       0.812        0.000     1531.363     9101.863
       1.013        0.000     1531.363     9101.863
       1.215        5.000     1531.363     9101.863
       1.416        5.000     1531.363     9101.863
       1.617        5.000     1531.363     9101.863
       1.818       39.900     1510.188     9101.863
       2.019      139.600     1523.867     9101.863
       2.219      199.400     1578.125     9506.105
       2.420      378.600     1679.148     9506.105
       2.621      383.300     1810.273     9506.105
       2.822      343.900     1895.086     9506.105
       3.023      268.900     1531.426     9101.863
       3.223      229.300     1596.469     9506.105
       3.424      393.800     1709.270     9506.105
       3.624      383.800     1811.016     9506.105
       3.825      343.400     1895.297     9506.105
       4.026      244.000     1531.758     9101.863
       4.227      259.100     1611.602     9506.105
       4.428      388.500     1725.395     9506.105
       4.628      378.800     1833.312     9506.105
       4.829      353.300     1871.879     9442.105
       5.030      169.500     1531.637     9101.863
       5.230      329.000     1629.621     9506.105
       5.431      398.800     1756.723     9506.105
       5.632      339.000     1889.938     9506.105
       5.832      363.800     1531.277     9442.105
       6.033      119.600     1542.344     9506.105
       6.234      393.500     1657.988     9506.105
       6.434      388.600     1788.184     9506.105
       6.635      348.900     1894.551     9506.105
       6.835      284.200     1531.301     9101.863
       7.036      224.400     1594.043     9506.105
       7.237      383.700     1705.047     9506.105
       7.437      367.600     1810.680     9506.105
       7.639      328.200     1892.664     9506.105
       7.840      376.800     1894.984     9506.105
       8.042      208.400     1531.379     9101.863
       8.243      269.000     1605.453     9506.105
       8.444      373.900     1690.422     9506.105
       8.644      386.300     1787.875     9506.105
       8.847      331.400     1884.375     9506.105
       9.049      373.400     1871.578     9442.105
       9.249      184.400     1531.336     9101.863
       9.450      244.300     1589.043     9506.105
       9.650      394.100     1699.227     9506.105
       9.851      378.400     1810.973     9506.105
      10.052      343.600     1895.273     9506.105
      10.253      288.200     1531.492     9101.863
      10.454      179.300     1571.797     9506.105
      10.655      383.800     1676.129     9506.105
      10.855      388.600     1800.910     9506.105
      11.056      343.000     1893.062     9506.105
      11.257      363.600     1531.328     9101.863
      11.458      114.700     1536.719     9506.105
      11.658      384.000     1647.973     9506.105
      11.859      398.700     1765.535     9506.105
      12.060      338.800     1893.043     9506.105
      12.260      383.200     1871.820     9442.105
      12.461      109.600     1531.578     9101.863
      12.662      378.800     1648.344     9506.105
      12.863      398.400     1770.805     9506.105
      13.063      344.000     1892.402     9506.105
      13.264      333.900     1531.180     9101.863
      13.465      144.500     1554.012     9506.105
      13.665      388.800     1660.602     9506.105
      13.866      393.300     1776.617     9506.105
      14.067      334.000     1893.039     9506.105
      14.267      348.900     1531.574     9101.863
      14.468      144.500     1553.926     9506.105
      14.669      388.800     1664.570     9506.105
      14.869      393.800     1751.711     9506.105
      15.070      338.800     1885.172     9506.105
      15.271      368.700     1585.656     9442.105
      15.471      109.700     1536.008     9506.105
      15.672      373.500     1635.758     9506.105
      15.873      398.800     1758.477     9506.105
      16.073      343.500     1892.691     9506.105
      16.274      373.600     1644.223     9442.105
      16.475      104.700     1531.277     9101.863
      16.676      324.000     1629.438     9506.105
      16.876      403.700     1738.352     9506.105
      17.077      368.700     1833.332     9506.105
      17.278      358.500     1871.914     9442.105
      17.479      139.400     1531.672     9101.863
      17.679      344.000     1635.789     9506.105
      17.880      398.800     1751.289     9506.105
      18.080      342.200     1883.930     9506.105
      18.282      388.200     1871.723     9442.105
      18.483       74.700     1531.547     9101.863
      18.684       29.900     1531.547     9101.863
      18.886        0.000     1531.590     9101.863
      19.087        5.000     1531.590     9101.863
      19.288        0.000     1531.590     9101.863
      19.489        0.000     1531.590     9101.863
      19.691        0.000     1531.590     9101.863
      19.892        0.000     1531.590     9101.863
      20.094        0.000     1531.590     9101.863
      20.296        0.000     1531.590     9101.863
      20.497        0.000     1531.590     9101.863
      20.699        5.000     1531.590     9101.863
      20.900        0.000     1531.590     9101.863
      21.102        0.000     1531.590     9101.863
