# Elapsed time   CPU (%)     Real (MB)   Virtual (MB)
       0.000        0.000     1529.113     9101.863
       0.201        0.000     1529.113     9101.863
       0.402        0.000     1529.113     9101.863
       0.603        0.000     1529.113     9101.863
       0.804        5.000     1529.113     9101.863
       1.006       34.800     1529.113     9101.863
       1.206       10.000     1529.113     9101.863
       1.407        5.000     1529.113     9101.863
       1.609        5.000     1529.113     9101.863
       1.809       89.800     1508.012     9101.863
       2.010      104.700     1525.543     9101.863
       2.210      334.100     1623.629     9506.105
       2.411      408.700     1739.531     9506.105
       2.612      373.400     1830.941     9506.105
       2.813      358.200     1869.219     9442.105
       3.014      119.500     1528.977     9101.863
       3.214      373.900     1645.145     9506.105
       3.415      398.700     1774.309     9506.105
       3.615      348.800     1890.227     9506.105
       3.816      314.000     1528.977     9101.863
       4.017      174.500     1569.887     9506.105
       4.217      393.900     1685.449     9506.105
       4.418      383.700     1808.559     9506.105
       4.619      348.300     1892.605     9506.105
       4.820      229.100     1529.070     9101.863
       5.020      284.100     1617.301     9506.105
       5.221      393.500     1734.254     9506.105
       5.422      353.800     1830.859     9506.105
       5.623      348.700     1892.477     9506.105
       5.823      239.200     1528.918     9101.863
       6.024      269.100     1609.184     9506.105
       6.225      393.800     1723.828     9506.105
       6.425      368.800     1830.977     9506.105
       6.626      363.400     1869.523     9442.105
       6.827      129.500     1529.281     9101.863
       7.027      359.000     1636.285     9506.105
       7.228      393.600     1757.199     9506.105
       7.429      353.000     1885.477     9506.105
       7.630      373.700     1694.871     9442.105
       7.831      104.700     1528.871     9101.863
       8.031      373.800     1627.141     9506.105
       8.232      398.700     1749.086     9506.105
       8.432      348.800     1885.859     9506.105
       8.633      363.700     1528.941     9101.863
       8.834      119.600     1542.301     9506.105
       9.034      403.500     1635.707     9506.105
       9.235      398.700     1745.535     9506.105
       9.436      368.600     1833.105     9506.105
       9.637      363.400     1871.566     9442.105
       9.838      119.600     1531.324     9101.863
      10.038      364.000     1642.352     9506.105
      10.239      398.900     1766.875     9506.105
      10.439      323.900     1892.770     9506.105
      10.640      393.200     1871.723     9442.105
      10.841      109.600     1531.480     9101.863
      11.042      299.100     1614.445     9506.105
      11.242      382.900     1711.742     9506.105
      11.443      377.500     1818.906     9506.105
      11.645      342.500     1894.695     9506.105
      11.846      269.000     1531.156     9101.863
      12.047      224.300     1593.734     9506.105
      12.247      393.800     1708.289     9506.105
      12.448      378.800     1819.008     9506.105
      12.649      348.700     1894.805     9506.105
      12.850      184.400     1531.238     9101.863
      13.050      319.000     1629.363     9506.105
      13.251      393.700     1748.473     9506.105
      13.451      353.600     1875.738     9506.105
      13.652      368.800     1681.855     9442.105
      13.853      124.600     1545.324     9506.105
      14.053      393.800     1660.457     9506.105
      14.254      388.900     1791.426     9506.105
      14.455      338.800     1893.965     9506.105
      14.655      288.900     1531.430     9101.863
      14.856      219.400     1586.512     9506.105
      15.057      383.900     1700.543     9506.105
      15.257      383.800     1819.035     9506.105
      15.458      348.400     1894.824     9506.105
      15.659      209.100     1531.262     9101.863
      15.859      303.800     1629.211     9506.105
      16.060      398.700     1744.711     9506.105
      16.261      363.800     1833.039     9506.105
      16.462      368.300     1871.328     9442.105
      16.663      114.600     1533.656     9506.105
      16.863      388.800     1654.008     9506.105
      17.064      398.600     1776.469     9506.105
      17.265      338.800     1892.383     9506.105
      17.465      308.900     1531.281     9101.863
      17.666       29.900     1531.281     9101.863
      17.867        5.000     1531.281     9101.863
      18.069        5.000     1531.281     9101.863
      18.270        0.000     1531.281     9101.863
      18.471        0.000     1531.281     9101.863
      18.673        0.000     1531.281     9101.863
      18.874        0.000     1531.281     9101.863
