# Elapsed time   CPU (%)     Real (MB)   Virtual (MB)
       0.000        0.000     1544.746     9101.863
       0.201        0.000     1544.746     9101.863
       0.402        0.000     1544.746     9101.863
       0.604        5.000     1544.746     9101.863
       0.805        5.000     1544.746     9101.863
       1.006        5.000     1544.746     9101.863
       1.208        5.000     1544.746     9101.863
       1.409        5.000     1544.746     9101.863
       1.610        9.900     1544.746     9101.863
       1.811       19.900     1544.746     9101.863
       2.012       94.700     1544.746     9101.863
       2.212       99.700     1568.965     9136.703
       2.413      109.700     1560.816     9165.863
       2.613      344.000     1681.703     9889.117
       2.814      358.800     1774.664     9889.117
       3.015      388.700     1865.156     9889.117
       3.215      383.900     1973.695     9889.117
       3.416      378.900     2086.102     9889.117
       3.616      353.900     2154.164     9889.117
       3.817      368.600     2194.086     9889.117
       4.018      338.700     2292.559     9889.117
       4.219      392.800     2256.086     9844.617
       4.420      179.200     1570.727     9136.703
       4.620      124.600     1592.379     9889.117
       4.821      383.800     1729.023     9889.117
       5.022      358.900     1789.648     9889.117
       5.222      388.900     1899.992     9889.117
       5.423      383.800     2021.680     9889.117
       5.624      358.800     2125.062     9889.117
       5.824      368.800     2166.312     9889.117
       6.025      338.800     2288.504     9889.117
       6.226      368.600     2292.371     9889.117
       6.426      373.700     1844.969     9780.617
       6.627       99.700     1552.258     9165.863
       6.828      249.300     1654.859     9889.117
       7.028      358.900     1772.648     9889.117
       7.229      378.400     1835.461     9889.117
       7.430      383.600     1961.016     9889.117
       7.631      388.500     2070.586     9889.117
       7.831      348.900     2154.117     9889.117
       8.032      368.900     2193.820     9889.117
       8.232      343.900     2288.410     9889.117
       8.433      383.800     2255.789     9889.117
       8.634      244.300     1568.367     9136.703
       8.834       99.700     1566.820     9165.863
       9.035      368.500     1707.262     9889.117
       9.236      348.900     1789.461     9889.117
       9.436      388.800     1884.594     9889.117
       9.637      378.700     1992.359     9889.117
       9.838      378.700     2096.000     9889.117
      10.038      353.000     2154.266     9889.117
      10.240      368.400     2193.969     9889.117
      10.440      343.400     2292.441     9889.117
      10.641      388.100     2255.938     9844.617
      10.842      179.300     1571.094     9136.703
      11.043      149.600     1603.562     9889.117
      11.244      378.700     1729.156     9889.117
      11.444      358.200     1789.578     9889.117
      11.645      393.600     1907.398     9889.117
      11.846      378.900     2022.383     9889.117
      12.047      363.900     2101.789     9889.117
      12.247      353.800     2154.355     9889.117
      12.448      358.900     2214.426     9889.117
      12.648      343.800     2292.516     9889.117
      12.849      398.100     2256.039     9844.617
      13.050      134.500     1572.484     9136.703
      13.251      189.300     1632.293     9889.117
      13.452      363.800     1766.883     9889.117
      13.652      373.300     1806.945     9889.117
      13.853      393.800     1925.797     9889.117
      14.054      378.800     2042.328     9889.117
      14.254      363.800     2125.086     9889.117
      14.455      368.300     2166.336     9889.117
      14.656      323.900     2288.504     9889.117
      14.857      373.100     2292.371     9889.117
      15.058      368.500     1769.148     9780.617
      15.258       99.700     1553.234     9165.863
      15.459      254.300     1655.566     9889.117
      15.660      353.900     1772.641     9889.117
      15.860      378.200     1835.445     9889.117
      16.061      388.600     1960.742     9889.117
      16.262      383.800     2062.836     9889.117
      16.463      353.600     2125.227     9889.117
      16.663      373.800     2182.461     9889.117
      16.864      333.900     2288.641     9889.117
      17.065      373.600     2292.508     9889.117
      17.265      318.900     1547.875     9136.703
      17.466       99.700     1545.043     9165.863
      17.667      309.000     1681.918     9889.117
      17.867      348.900     1774.355     9889.117
      18.068      383.800     1851.184     9889.117
      18.269      383.400     1960.754     9889.117
      18.469      383.700     2070.840     9889.117
      18.670      348.900     2154.328     9889.117
      18.871      368.700     2194.031     9889.117
      19.071      343.800     2288.391     9889.117
      19.272      378.600     2292.258     9889.117
      19.473      274.100     1567.824     9136.703
      19.673       99.700     1560.090     9165.863
      19.874      348.800     1699.703     9889.117
      20.075      348.700     1774.234     9889.117
      20.275      393.400     1867.820     9889.117
      20.476      383.400     1974.555     9889.117
      20.677      378.500     2085.930     9889.117
      20.878      348.500     2154.469     9889.117
      21.079      343.600     2194.172     9889.117
      21.280      338.600     2288.523     9889.117
      21.480      378.200     2292.391     9889.117
      21.681      343.800     1544.977     9101.863
      21.882       99.700     1555.027     9165.863
      22.082      254.300     1654.000     9889.117
      22.283      358.900     1772.336     9889.117
      22.484      378.700     1828.168     9889.117
      22.684      387.500     1944.957     9889.117
      22.886      382.900     2050.918     9889.117
      23.087      353.700     2125.168     9889.117
      23.288      368.400     2166.625     9889.117
      23.488      333.800     2288.566     9889.117
      23.689      373.500     2292.434     9889.117
      23.890      378.500     1958.629     9780.617
      24.091       94.700     1546.340     9165.863
      24.291      239.500     1647.891     9889.117
      24.492      363.700     1772.625     9889.117
      24.692      373.900     1818.109     9889.117
      24.893      388.800     1931.031     9889.117
      25.094      383.800     2044.984     9889.117
      25.294      358.600     2125.164     9889.117
      25.495      363.300     2166.414     9889.117
      25.696      333.800     2287.328     9889.117
      25.897      368.500     2292.227     9889.117
      26.098      398.200     2255.758     9844.617
      26.299      104.600     1572.977     9136.703
      26.499      219.300     1638.172     9889.117
      26.700      363.600     1772.199     9889.117
      26.901      378.600     1813.066     9889.117
      27.101      383.900     1923.926     9889.117
      27.302      383.800     2024.473     9889.117
      27.503      368.400     2101.816     9889.117
      27.703      348.700     2154.629     9889.117
      27.904      363.700     2194.332     9889.117
      28.105      328.800     2288.688     9889.117
      28.306      378.200     2292.555     9889.117
      28.507      308.600     1545.164     9101.863
      28.707       49.800     1546.941     9101.863
      28.908       10.000     1544.438     9101.863
      29.110        0.000     1544.438     9101.863
      29.311        0.000     1544.438     9101.863
      29.512        0.000     1544.438     9101.863
      29.714        0.000     1544.438     9101.863
      29.916        5.000     1544.438     9101.863
      30.117        0.000     1544.438     9101.863
      30.318        0.000     1544.438     9101.863
      30.520        0.000     1544.438     9101.863
      30.721        5.000     1544.438     9101.863
      30.923        0.000     1544.438     9101.863
      31.124        0.000     1544.438     9101.863
      31.325        0.000     1544.438     9101.863
      31.527        0.000     1544.438     9101.863
      31.729        0.000     1544.438     9101.863
      31.930        0.000     1544.438     9101.863
      32.132        0.000     1544.438     9101.863
      32.333        5.000     1544.438     9101.863
      32.535        0.000     1544.438     9101.863
      32.737        0.000     1544.438     9101.863
      32.938        0.000     1544.438     9101.863
      33.140        0.000     1544.438     9101.863
      33.341        0.000     1544.438     9101.863
