# Elapsed time   CPU (%)     Real (MB)   Virtual (MB)
       0.000        0.000     1544.695     9101.863
       0.208        0.000     1544.695     9101.863
       0.409        5.000     1544.695     9101.863
       0.610        0.000     1544.695     9101.863
       0.812        0.000     1544.695     9101.863
       1.013       14.900     1544.695     9101.863
       1.214        9.900     1544.750     9101.863
       1.415        5.000     1544.750     9101.863
       1.616       39.800     1544.773     9101.863
       1.817       89.800     1538.410     9101.863
       2.017      114.700     1561.355     9136.703
       2.218      109.700     1556.992     9165.863
       2.418      269.300     1663.402     9889.117
       2.619      358.900     1772.660     9889.117
       2.820      383.900     1839.820     9889.117
       3.020      378.800     1960.734     9889.117
       3.221      388.900     2072.109     9889.117
       3.421      343.600     2154.094     9889.117
       3.622      368.500     2193.797     9889.117
       3.823      348.700     2289.688     9889.117
       4.024      388.400     2255.492     9844.617
       4.225      224.100     1568.328     9136.703
       4.425       99.700     1570.664     9165.863
       4.626      373.800     1706.945     9889.117
       4.827      348.800     1789.340     9889.117
       5.027      393.600     1891.434     9889.117
       5.228      378.900     2006.160     9889.117
       5.429      373.900     2101.551     9889.117
       5.629      358.700     2154.145     9889.117
       5.830      353.900     2230.973     9889.117
       6.031      353.900     2292.066     9889.117
       6.231      398.000     2255.594     9844.617
       6.433      119.500     1572.812     9136.703
       6.633      209.400     1632.879     9889.117
       6.834      363.700     1772.148     9889.117
       7.035      383.600     1821.520     9889.117
       7.235      383.500     1944.496     9889.117
       7.436      383.400     2057.934     9889.117
       7.637      353.200     2124.707     9889.117
       7.838      368.600     2166.211     9889.117
       8.039      333.800     2288.398     9889.117
       8.239      373.300     2292.008     9889.117
       8.440      328.600     1544.645     9101.863
       8.641      104.600     1544.645     9101.863
       8.842      224.300     1640.262     9889.117
       9.042      363.700     1772.207     9889.117
       9.243      377.900     1827.527     9889.117
       9.444      393.700     1944.316     9889.117
       9.645      378.600     2058.012     9889.117
       9.846      352.900     2124.750     9889.117
      10.047      363.300     2193.840     9889.117
      10.248      338.900     2288.453     9889.117
      10.448      371.800     2292.062     9889.117
      10.652      395.200     2255.621     9844.617
      10.853      134.500     1572.066     9136.703
      11.053      184.500     1629.293     9889.117
      11.254      368.900     1752.395     9889.117
      11.454      378.900     1806.574     9889.117
      11.655      388.800     1925.426     9889.117
      11.856      378.800     2044.793     9889.117
      12.056      358.700     2124.715     9889.117
      12.257      358.800     2166.223     9889.117
      12.458      328.900     2288.410     9889.117
      12.658      373.400     2292.020     9889.117
      12.859      343.800     1544.695     9101.863
      13.060       99.700     1556.809     9165.863
      13.260      283.500     1671.262     9889.117
      13.462      353.700     1774.223     9889.117
      13.662      388.700     1839.707     9889.117
      13.863      373.800     1960.621     9889.117
      14.064      388.700     2070.191     9889.117
      14.264      348.500     2153.723     9889.117
      14.465      368.800     2193.676     9889.117
      14.666      338.900     2288.262     9889.117
      14.866      378.700     2291.871     9889.117
      15.067      264.200     1567.941     9136.703
      15.268       99.700     1564.332     9165.863
      15.468      359.000     1704.148     9889.117
      15.669      348.300     1788.941     9889.117
      15.870      393.600     1880.465     9889.117
      16.070      378.900     1991.066     9889.117
      16.271      378.500     2085.684     9889.117
      16.472      353.700     2154.215     9889.117
      16.673      363.900     2193.918     9889.117
      16.873      338.800     2291.887     9889.117
      17.074      388.500     2255.352     9844.617
      17.275      194.200     1569.734     9136.703
      17.475      129.600     1599.871     9889.117
      17.676      378.800     1728.578     9889.117
      17.877      363.800     1789.246     9889.117
      18.077      388.800     1898.559     9889.117
      18.278      373.900     2014.059     9889.117
      18.479      373.400     2101.457     9889.117
      18.679      358.600     2154.051     9889.117
      18.880      368.600     2193.754     9889.117
      19.081      328.600     2291.723     9889.117
      19.282      398.500     2255.246     9844.617
      19.483      144.400     1571.176     9136.703
      19.683      179.500     1619.090     9889.117
      19.884      378.700     1729.008     9889.117
      20.085      358.800     1792.477     9889.117
      20.285      388.800     1909.523     9889.117
      20.486      383.800     2021.414     9889.117
      20.687      363.800     2109.328     9889.117
      20.887      358.600     2154.184     9889.117
      21.088      348.800     2250.863     9889.117
      21.289      348.900     2291.855     9889.117
      21.489      403.300     2255.320     9844.617
      21.690      119.500     1572.023     9136.703
      21.891      199.400     1631.816     9889.117
      22.091      363.400     1766.691     9889.117
      22.292      383.600     1806.480     9889.117
      22.493      383.600     1920.176     9889.117
      22.694      383.900     2032.840     9889.117
      22.894      354.000     2124.621     9889.117
      23.095      368.900     2155.039     9889.117
      23.296      328.800     2272.344     9889.117
      23.496      373.900     2291.930     9889.117
      23.697      393.000     2255.414     9844.617
      23.898      104.600     1572.633     9136.703
      24.099      219.400     1640.141     9889.117
      24.299      358.800     1766.758     9889.117
      24.500      378.600     1812.906     9889.117
      24.701      388.500     1926.344     9889.117
      24.901      378.900     2037.719     9889.117
      25.102      358.300     2124.859     9889.117
      25.303      358.300     2166.109     9889.117
      25.504      338.900     2285.211     9889.117
      25.705      368.400     2292.172     9889.117
      25.906      403.000     2255.707     9844.617
      26.107      104.600     1572.926     9136.703
      26.307      209.400     1634.020     9889.117
      26.508      363.800     1766.828     9889.117
      26.709      373.000     1799.652     9889.117
      26.910      388.800     1899.168     9889.117
      27.110      378.700     1997.652     9889.117
      27.311      363.700     2085.566     9889.117
      27.512      353.600     2153.883     9889.117
      27.712      368.500     2166.000     9889.117
      27.913      328.700     2206.219     9889.117
      28.114      328.800     2292.062     9889.117
      28.315      393.300     2255.566     9844.617
      28.516      179.300     1544.688     9101.863
      28.717       64.700     1544.789     9101.863
      28.917       34.900     1544.789     9101.863
      29.119        0.000     1544.789     9101.863
      29.320        0.000     1544.789     9101.863
      29.522        0.000     1544.789     9101.863
      29.723        5.000     1544.789     9101.863
      29.923        0.000     1544.789     9101.863
      30.125        0.000     1544.789     9101.863
      30.326       34.900     1544.902     9101.863
      30.527        0.000     1544.902     9101.863
      30.728       10.000     1544.902     9101.863
      30.929        0.000     1544.902     9101.863
      31.130        0.000     1544.902     9101.863
      31.332        0.000     1544.902     9101.863
      31.533        5.000     1544.902     9101.863
      31.735        0.000     1544.902     9101.863
      31.936        0.000     1544.902     9101.863
      32.138        0.000     1544.902     9101.863
      32.339        0.000     1544.902     9101.863
      32.541        0.000     1544.902     9101.863
      32.742        0.000     1544.902     9101.863
      32.943        0.000     1544.902     9101.863
