# Elapsed time   CPU (%)     Real (MB)   Virtual (MB)
       0.002        0.000     1135.168     8364.516
       0.102       39.600     1135.168     8364.516
       0.204        9.900     1135.168     8364.516
       0.305       78.700     1135.215     8364.516
       0.407        9.900     1135.215     8364.516
       0.508        9.900     1135.215     8364.516
       0.609      118.900     1135.434     8364.516
       0.710        9.900     1135.434     8364.516
       0.811       98.900     1135.547     8364.516
       0.912      109.100     1135.562     8364.516
       1.013       19.700     1135.562     8364.516
       1.114       39.500     1135.562     8364.516
       1.215      138.700     1135.715     8364.516
       1.316       39.500     1136.031     8364.516
       1.418       19.700     1136.031     8364.516
       1.519      315.900     1136.398     8364.516
       1.620      108.900     1136.398     8364.516
       1.721      159.100     1137.727     8365.516
       1.821      119.400     1138.109     8365.516
       1.922        0.000     1138.109     8365.516
       2.023        9.900     1138.109     8365.516
       2.124        9.900     1138.109     8365.516
       2.225        9.900     1138.168     8365.516
       2.326        9.900     1138.168     8365.516
       2.427       89.000     1138.168     8365.516
       2.528      119.100     1138.168     8365.516
       2.629       29.700     1138.371     8365.516
       2.730        0.000     1138.371     8365.516
       2.832       19.800     1138.371     8365.516
       2.933        9.800     1138.371     8365.516
       3.034        0.000     1138.371     8365.516
       3.136        0.000     1138.371     8365.516
       3.237       19.700     1138.371     8365.516
       3.338        9.900     1138.371     8365.516
       3.440        9.900     1138.371     8365.516
       3.541        0.000     1138.371     8365.516
       3.642        0.000     1138.371     8365.516
       3.743      187.700     1138.984     8365.516
       3.844      365.300     1139.062     8365.516
       3.945      405.200     1139.266     8365.516
       4.047      574.400     1140.410     8367.516
       4.147      446.700     1145.195     8367.738
       4.248      248.200     1145.777     8367.738
       4.349      377.200     1146.410     8367.738
       4.450      406.100     1147.121     8367.738
       4.551      237.500     1147.531     8367.738
       4.652      327.100     1147.660     8367.738
       4.752      278.600     1148.000     8369.738
       4.853      109.400     1148.512     8369.738
       4.954       19.700     1148.512     8369.738
       5.055        9.900     1148.512     8369.738
       5.156        9.900     1148.512     8369.738
       5.257       19.700     1148.512     8369.738
       5.358        0.000     1148.512     8369.738
       5.460       19.800     1148.512     8369.738
       5.561        9.900     1148.512     8369.738
       5.662       29.600     1148.578     8369.738
       5.763        9.900     1148.578     8369.738
       5.865       59.100     1148.578     8369.738
       5.967        0.000     1148.578     8369.738
       6.068        0.000     1148.578     8369.738
       6.170        0.000     1148.578     8369.738
       6.272        0.000     1148.578     8369.738
       6.373        0.000     1148.578     8369.738
       6.475        0.000     1148.578     8369.738
       6.576        0.000     1148.578     8369.738
       6.677        9.900     1148.578     8369.738
       6.778        0.000     1148.578     8369.738
       6.880        0.000     1148.578     8369.738
       6.981        0.000     1148.578     8369.738
       7.083        9.900     1148.578     8369.738
       7.184       19.800     1148.578     8369.738
       7.285        0.000     1148.578     8369.738
       7.387        0.000     1148.578     8369.738
       7.489       29.500     1148.578     8369.738
       7.590        0.000     1148.578     8369.738
       7.692        0.000     1148.578     8369.738
       7.793        0.000     1148.578     8369.738
       7.895        0.000     1148.578     8369.738
       7.997        9.800     1148.578     8369.738
       8.099        0.000     1148.578     8369.738
       8.200        0.000     1148.578     8369.738
       8.301        0.000     1148.578     8369.738
       8.402        0.000     1148.578     8369.738
       8.504        0.000     1148.578     8369.738
       8.605        0.000     1148.578     8369.738
       8.706        0.000     1148.578     8369.738
       8.808        9.900     1148.578     8369.738
       8.909        0.000     1148.578     8369.738
       9.011        0.000     1148.578     8369.738
       9.112        0.000     1148.578     8369.738
       9.214        0.000     1148.578     8369.738
       9.315        0.000     1148.578     8369.738
       9.417        9.800     1148.578     8369.738
       9.518        0.000     1148.578     8369.738
       9.620        0.000     1148.578     8369.738
       9.721        9.900     1148.578     8369.738
       9.822        0.000     1148.594     8369.738
       9.924        0.000     1148.594     8369.738
      10.025        0.000     1148.594     8369.738
      10.126        0.000     1148.594     8369.738
      10.228        0.000     1148.594     8369.738
      10.329        0.000     1148.594     8369.738
      10.430        0.000     1148.594     8369.738
      10.532        0.000     1148.594     8369.738
      10.634        0.000     1148.594     8369.738
      10.735        0.000     1148.594     8369.738
      10.837        0.000     1148.594     8369.738
      10.938       19.700     1148.594     8369.738
      11.040        0.000     1148.594     8369.738
      11.141        0.000     1148.594     8369.738
      11.243        0.000     1148.594     8369.738
      11.344        0.000     1148.594     8369.738
      11.446       19.700     1148.672     8369.738
      11.547        0.000     1148.672     8369.738
      11.649        0.000     1148.672     8369.738
      11.750        9.900     1148.672     8369.738
      11.851        0.000     1148.672     8369.738
      11.953        0.000     1148.672     8369.738
      12.054        0.000     1148.672     8369.738
      12.155        0.000     1148.672     8369.738
      12.257        0.000     1148.672     8369.738
      12.358        0.000     1148.672     8369.738
      12.459        0.000     1148.672     8369.738
      12.561        9.900     1148.672     8369.738
      12.662        0.000     1148.672     8369.738
      12.763        0.000     1148.672     8369.738
      12.864        0.000     1148.672     8369.738
      12.965        0.000     1148.672     8369.738
      13.067        0.000     1148.672     8369.738
      13.167        0.000     1148.672     8369.738
      13.269        0.000     1148.672     8369.738
      13.370        0.000     1148.672     8369.738
      13.472        0.000     1148.672     8369.738
      13.573        0.000     1148.672     8369.738
      13.674        9.900     1148.672     8369.738
      13.776       19.800     1149.945     8515.863
      13.877       98.900     1155.102     8515.863
      13.978       99.200     1169.023     8515.863
      14.078      109.400     1209.785     8486.637
      14.179       89.500     1255.160     8486.637
      14.280       69.400     1283.520     8486.637
      14.380        0.000     1283.520     8486.637
      14.482        9.900     1283.520     8486.637
      14.583        0.000     1283.520     8486.637
      14.685        0.000     1283.520     8486.637
      14.786        0.000     1283.520     8486.637
      14.888        0.000     1283.520     8486.637
      14.989        9.800     1283.520     8486.637
      15.091        0.000     1283.520     8486.637
      15.192        0.000     1283.520     8486.637
      15.294        0.000     1283.520     8486.637
      15.396        0.000     1283.520     8486.637
      15.497        0.000     1283.520     8486.637
      15.599        0.000     1283.520     8486.637
      15.700        0.000     1283.520     8486.637
      15.802        0.000     1283.520     8486.637
      15.903        9.900     1283.520     8486.637
      16.004        9.900     1283.520     8486.637
      16.105        0.000     1283.520     8486.637
      16.207        0.000     1283.520     8486.637
      16.308        0.000     1283.520     8486.637
      16.409        9.800     1283.520     8486.637
      16.511        0.000     1283.520     8486.637
      16.612       39.500     1283.520     8486.637
      16.714        0.000     1283.520     8486.637
      16.815        0.000     1283.520     8486.637
      16.916        9.800     1283.520     8486.637
      17.018        0.000     1283.520     8486.637
      17.119        0.000     1283.520     8486.637
      17.221        0.000     1283.520     8486.637
      17.323        0.000     1283.520     8486.637
      17.424        0.000     1283.520     8486.637
      17.525        0.000     1283.520     8486.637
      17.626        9.900     1283.520     8486.637
      17.727        0.000     1283.520     8486.637
      17.829        0.000     1283.520     8486.637
      17.930        0.000     1283.520     8486.637
      18.031        0.000     1283.520     8486.637
      18.132        0.000     1283.520     8486.637
      18.234        0.000     1283.520     8486.637
      18.335        0.000     1283.520     8486.637
      18.435        0.000     1283.520     8486.637
      18.536        0.000     1283.520     8486.637
      18.637        0.000     1283.520     8486.637
      18.738        0.000     1283.520     8486.637
      18.839        9.900     1283.520     8486.637
      18.941        0.000     1283.520     8486.637
      19.042        0.000     1283.520     8486.637
      19.143        0.000     1283.520     8486.637
      19.244        0.000     1283.520     8486.637
      19.346        0.000     1283.520     8486.637
      19.447        0.000     1283.520     8486.637
      19.549        0.000     1283.520     8486.637
      19.650        0.000     1283.520     8486.637
      19.751        0.000     1283.520     8486.637
      19.852        0.000     1283.520     8486.637
      19.953        0.000     1283.520     8486.637
      20.054        0.000     1283.520     8486.637
      20.156        0.000     1283.520     8486.637
      20.258        0.000     1283.520     8486.637
      20.359        0.000     1283.520     8486.637
      20.460        0.000     1283.520     8486.637
      20.562        9.800     1283.520     8486.637
      20.663        0.000     1283.520     8486.637
      20.764        9.900     1283.520     8486.637
      20.865        0.000     1283.520     8486.637
      20.967        0.000     1283.520     8486.637
      21.068        0.000     1283.520     8486.637
      21.170        0.000     1283.520     8486.637
      21.271        0.000     1283.520     8486.637
      21.372        0.000     1283.520     8486.637
      21.474        0.000     1283.520     8486.637
      21.575        0.000     1283.520     8486.637
      21.677        0.000     1283.520     8486.637
      21.778        0.000     1283.520     8486.637
      21.880        0.000     1283.520     8486.637
      21.981        0.000     1283.520     8486.637
      22.083        0.000     1283.520     8486.637
      22.184        0.000     1283.520     8486.637
      22.286        0.000     1283.520     8486.637
      22.388        0.000     1283.520     8486.637
      22.489        0.000     1283.520     8486.637
      22.591        0.000     1283.520     8486.637
      22.692        0.000     1283.520     8486.637
      22.794        9.800     1283.520     8486.637
      22.896        0.000     1283.520     8486.637
      22.997        0.000     1283.520     8486.637
      23.099        0.000     1283.520     8486.637
      23.200        0.000     1283.520     8486.637
      23.302        0.000     1283.520     8486.637
      23.404        0.000     1283.520     8486.637
      23.505        0.000     1283.520     8486.637
      23.607        9.800     1283.520     8486.637
      23.708        0.000     1283.520     8486.637
      23.810        0.000     1283.520     8486.637
      23.911        0.000     1283.520     8486.637
      24.012        0.000     1283.520     8486.637
      24.114        0.000     1283.520     8486.637
      24.215        0.000     1283.520     8486.637
      24.317       79.100     1301.719     8550.637
      24.418       99.000     1326.070     8550.637
      24.518      109.300     1392.363     8768.840
      24.619       99.400     1494.457     8768.840
      24.720       99.400     1494.457     8768.840
      24.820       99.300     1494.457     8768.840
      24.921       89.400     1495.488     8768.840
      25.022      109.000     1497.551     8768.840
      25.123      108.900     1499.871     8768.840
      25.224       89.300     1502.707     8768.840
      25.324       99.200     1505.285     8768.840
      25.425       99.200     1509.152     8768.840
      25.526       99.200     1511.215     8768.840
      25.627      109.100     1513.535     8768.840
      25.728       99.200     1515.855     8768.840
      25.828       99.200     1517.918     8768.840
      25.929      109.100     1519.465     8768.840
      26.030       99.100     1521.270     8768.840
      26.131       99.200     1523.074     8768.840
      26.232       89.300     1524.621     8768.840
      26.333      109.200     1526.426     8768.840
      26.433       99.200     1527.715     8768.840
      26.534       99.200     1529.004     8768.840
      26.635       99.300     1529.004     8768.840
      26.736       99.200     1529.004     8768.840
      26.836       99.300     1529.004     8768.840
      26.937       99.300     1529.004     8768.840
      27.038      109.200     1529.004     8768.840
      27.138       99.300     1529.004     8768.840
      27.239       99.300     1529.004     8768.840
      27.340       99.400     1452.535     8745.664
      27.440       99.400     1503.582     8780.938
      27.541       99.400     1541.996     8780.938
      27.641       99.500     1541.996     8780.938
      27.742       99.400     1471.570     8687.215
      27.843       99.300     1471.570     8745.664
      27.943       99.300     1506.629     8780.938
      28.044       99.400     1553.461     8889.312
      28.145      109.300     1521.230     8912.488
      28.245       99.400     1551.391     8912.488
      28.346       89.500     1592.668    11000.426
      28.446      109.300     1594.227    11002.438
      28.547      328.200     1638.535    11002.438
      28.648      387.700     1681.590    11002.438
      28.748      387.700     1723.859    11002.438
      28.849      397.500     1765.367    11002.438
      28.949      288.400     1790.930    11002.438
      29.050       99.600     1790.930    11002.438
      29.150       99.600     1790.930    11002.438
      29.251       99.600     1790.930    11002.438
      29.351       99.600     1790.930    11002.438
      29.451       99.600     1790.930    11002.438
      29.552      208.900     1803.820    11002.438
      29.652      377.700     1841.020    11002.438
      29.753      387.600     1885.363    11002.438
      29.854      397.600     1927.375    11002.438
      29.954      387.600     1966.383    11002.438
      30.055      387.600     2008.148    11002.438
      30.155      397.700     2042.438    11002.438
      30.256      357.700     2079.047    11002.438
      30.357      347.800     2110.871    11002.438
      30.457      357.500     2126.578    11002.438
      30.558      357.100     2173.297    11002.438
      30.659      377.200     2174.031    11002.438
      30.760      347.700     2208.016    11002.438
      30.860      387.500     2223.742    11002.438
      30.961      367.100     2265.508    11002.438
      31.062      407.500     2304.953    11002.438
      31.162      387.700     2345.688    11002.438
      31.263      397.400     2388.227    11002.438
      31.364      347.700     2421.742    11002.438
      31.464      317.800     2460.652    11002.438
      31.565      377.500     2460.902    11002.438
      31.666      397.500     2474.695    11002.438
      31.766      397.500     2517.234    11002.438
      31.867      396.900     2555.133    11002.438
      31.968      377.200     2599.477    11002.438
      32.068      347.800     2651.297    11002.438
      32.169      318.300     2696.672    11002.438
      32.269      347.800     2703.020    11002.438
      32.370      386.100     2703.785    11002.438
      32.471      386.400     2704.398    11002.438
      32.572      407.100     2746.160    11002.438
      32.673      377.400     2790.246    11002.438
      32.773      407.400     2829.176    11002.438
      32.874      387.400     2869.910    11002.438
      32.975      397.400     2910.129    11002.438
      33.075      387.400     2951.367    11002.438
      33.176      367.600     2980.492    11002.438
      33.277      377.600     3011.688    11002.438
      33.377      387.700     3053.969    11002.438
      33.478      387.700     3094.445    11002.438
      33.579      407.200     3135.180    11002.438
      33.679      367.600     3179.008    11002.438
      33.780      367.700     3204.789    11002.438
      33.881      337.600     3231.344    11002.438
      33.981      397.600     3255.062    11002.438
      34.082      387.500     3295.797    11002.438
      34.183      317.900     3361.980    11002.438
      34.283      347.600     3362.238    11002.438
      34.384      387.000     3362.238    11002.438
      34.485      149.000     3538.316    11002.438
      34.585      397.400     3552.750    11002.438
      34.686      357.800     3552.750    11002.438
      34.787      367.000     3558.164    11002.438
      34.887      386.300     3579.301    11002.438
      34.989      356.200     3579.301    11002.438
      35.090      377.500     3579.301    11002.438
      35.190      387.100     3579.301    11002.438
      35.291      396.900     3579.301    11002.438
      35.392      396.300     3579.301    11002.438
      35.493      396.600     3579.301    11002.438
      35.594      317.400     3434.250    10779.219
      35.694      406.600     3434.250    10779.219
      35.795      395.700     3434.250    10779.219
      35.897      395.800     3434.250    10779.219
      35.997      406.700     3434.250    10779.219
      36.098      267.800     2401.520    10670.844
      36.199       89.500     1417.453     8701.516
      36.300      109.300     1484.094     8892.047
      36.400       99.500     1561.180     8892.047
      36.501       99.400     1561.438     8892.047
      36.601       99.400     1561.438     8892.047
      36.702       99.300     1564.531     8892.047
      36.803       99.300     1567.625     8892.047
      36.903       99.300     1570.719     8892.047
      37.004       99.400     1574.328     8892.047
      37.105       99.400     1577.680     8892.047
      37.205       99.400     1580.258     8892.047
      37.306      109.200     1583.094     8892.047
      37.407       99.300     1585.414     8892.047
      37.507       99.300     1587.477     8892.047
      37.608       99.300     1589.281     8892.047
      37.709       99.300     1591.344     8892.047
      37.809       99.300     1593.148     8892.047
      37.910       99.300     1594.953     8892.047
      38.011       99.300     1595.727     8892.047
      38.112       99.300     1595.727     8892.047
      38.212       99.300     1595.727     8892.047
      38.313       99.300     1595.727     8892.047
      38.414      109.200     1595.727     8892.047
      38.514       99.300     1595.727     8892.047
      38.615       99.400     1595.727     8892.047
      38.716       99.400     1514.320     8868.871
      38.816       99.400     1561.449     8916.242
      38.917       99.500     1596.770     8916.242
      39.017       99.500     1596.770     8916.242
      39.118       99.300     1526.418     8822.520
      39.219       99.200     1526.418     8880.969
      39.319      109.400     1561.691     8916.242
      39.420       89.500     1601.648     8960.617
      39.520       99.400     1570.793     8983.793
      39.621      109.400     1601.469     8983.793
      39.722      198.800     1655.348    10986.863
      39.822      387.400     1698.660    10986.863
      39.923      397.300     1740.426    10986.863
      40.024      397.400     1782.191    10986.863
      40.124      377.400     1828.703    10986.863
      40.225      377.600     1868.922    10986.863
      40.326      387.800     1899.562    10986.863
      40.426      397.400     1941.586    10986.863
      40.527      387.200     1983.609    10986.863
      40.628      397.300     2023.055    10986.863
      40.728      387.400     2065.594    10986.863
      40.829      377.500     2102.977    10986.863
      40.930      347.800     2143.676    10986.863
      41.030      368.000     2162.691    10986.863
      41.131      357.200     2179.430    10986.863
      41.232      356.000     2209.012    10986.863
      41.333      347.000     2242.758    10986.863
      41.433      377.700     2244.820    10986.863
      41.534      397.200     2289.164    10986.863
      41.635      377.700     2326.805    10986.863
      41.735      397.600     2366.766    10986.863
      41.836      397.400     2408.273    10986.863
      41.937      337.700     2456.484    10986.863
      42.037      337.000     2493.352    10986.863
      42.138      377.200     2495.402    10986.863
      42.239      387.400     2496.949    10986.863
      42.340      397.400     2538.199    10986.863
      42.440      387.100     2582.801    10986.863
      42.541      387.200     2619.410    10986.863
      42.642      367.200     2664.270    10986.863
      42.743      357.400     2685.668    10986.863
      42.843      308.000     2736.941    10986.863
      42.944      367.300     2737.453    10986.863
      43.045      386.900     2737.453    10986.863
      43.145      407.300     2767.871    10986.863
      43.246      387.500     2814.535    10986.863
      43.347      387.800     2851.402    10986.863
      43.447      397.300     2894.199    10986.863
      43.548      397.400     2934.160    10986.863
      43.649      397.300     2975.410    10986.863
      43.749      347.500     3005.574    10986.863
      43.850      377.500     3035.480    10986.863
      43.951      387.200     3080.855    10986.863
      44.051      407.300     3119.270    10986.863
      44.152      397.300     3159.488    10986.863
      44.253      377.700     3202.285    10986.863
      44.353      357.700     3237.863    10986.863
      44.454      347.800     3264.418    10986.863
      44.555      387.600     3276.020    10986.863
      44.655      397.600     3318.043    10986.863
      44.756      307.900     3392.551    10986.863
      44.857      357.400     3395.590    10986.863
      44.957      367.400     3395.590    10986.863
      45.058      218.600     3533.004    10986.863
      45.159      348.100     3586.113    10986.863
      45.259      367.500     3586.113    10986.863
      45.360      347.200     3591.527    10986.863
      45.461      387.100     3612.410    10986.863
      45.562      397.100     3612.410    10986.863
      45.662      347.600     3612.410    10986.863
      45.763      377.000     3612.410    10986.863
      45.864      396.500     3612.410    10986.863
      45.965      396.400     3612.410    10986.863
      46.066      396.500     3612.410    10986.863
      46.167      347.400     3467.332    10763.645
      46.267      366.700     3467.332    10763.645
      46.368      396.600     3467.332    10763.645
      46.469      406.500     3467.332    10763.645
      46.570      406.300     3467.332    10763.645
      46.671      357.200     3261.309    10719.270
      46.771       99.400     1453.629     8749.941
      46.872       89.400     1489.277     8904.145
      46.973       99.400     1574.098     8904.145
      47.073       99.400     1574.098     8904.145
      47.174       99.400     1574.098     8904.145
      47.275      109.200     1576.934     8904.145
      47.375       99.300     1580.027     8904.145
      47.476       99.300     1583.121     8904.145
      47.577       99.300     1586.730     8904.145
      47.677      109.200     1590.082     8904.145
      47.778       89.400     1592.660     8904.145
      47.879      109.200     1595.496     8904.145
      47.979       99.300     1598.074     8904.145
      48.080       99.300     1599.879     8904.145
      48.181       99.300     1601.941     8904.145
      48.282      109.200     1603.746     8904.145
      48.382       99.300     1605.809     8904.145
      48.483       99.300     1607.355     8904.145
      48.584       99.300     1608.645     8904.145
      48.685       99.300     1608.645     8904.145
      48.785       99.300     1608.645     8904.145
      48.886       99.300     1608.645     8904.145
      48.987      109.200     1608.645     8904.145
      49.087       99.300     1608.645     8904.145
      49.188       99.400     1608.645     8904.145
      49.289       89.400     1527.074     8880.969
      49.389       99.400     1558.781     8880.969
      49.490      109.400     1597.406     8916.242
      49.590       99.500     1597.406     8916.242
      49.691       99.400     1527.074     8822.520
      49.792       99.400     1527.074     8880.969
      49.892       99.400     1560.328     8880.969
      49.993       99.500     1597.406     8916.242
      50.093       99.500     1641.750     8960.617
      50.194       99.500     1587.688     8983.793
      50.294      139.100     1646.723    10986.863
      50.395      397.300     1691.816    10986.863
      50.496      387.200     1733.324    10986.863
      50.597      397.400     1774.574    10986.863
      50.697      387.500     1815.051    10986.863
      50.798      377.100     1853.836    10986.863
      50.899      377.500     1889.379    10986.863
      50.999      397.400     1931.918    10986.863
      51.100      387.400     1974.715    10986.863
      51.201      397.400     2018.543    10986.863
      51.301      387.300     2057.473    10986.863
      51.402      387.600     2103.879    10986.863
      51.502      357.700     2129.402    10986.863
      51.603      347.100     2163.367    10986.863
      51.704      357.400     2180.375    10986.863
      51.805      347.400     2209.430    10986.863
      51.906      347.300     2241.395    10986.863
      52.006      387.100     2243.711    10986.863
      52.107      407.300     2278.512    10986.863
      52.208      377.500     2319.246    10986.863
      52.308      387.400     2362.559    10986.863
      52.409      387.200     2399.426    10986.863
      52.510      377.600     2440.676    10986.863
      52.610      358.000     2460.270    10986.863
      52.711      337.400     2496.090    10986.863
      52.812      377.100     2496.340    10986.863
      52.912      387.400     2528.047    10986.863
      53.013      387.400     2569.812    10986.863
      53.114      397.400     2610.289    10986.863
      53.214      377.500     2653.086    10986.863
      53.315      317.900     2686.602    10986.863
      53.416      297.300     2733.781    10986.863
      53.517      347.400     2737.633    10986.863
      53.617      367.900     2738.141    10986.863
      53.718      318.200     2738.141    10986.863
      53.818      377.600     2738.141    10986.863
      53.919      347.600     2764.695    10986.863
      54.020      387.500     2802.594    10986.863
      54.120      367.900     2837.398    10986.863
      54.221      397.500     2876.586    10986.863
      54.322      407.400     2914.484    10986.863
      54.422      367.600     2942.328    10986.863
      54.523      377.600     2969.398    10986.863
      54.624      357.600     2995.695    10986.863
      54.724      337.800     3014.516    10986.863
      54.825      348.000     3041.070    10986.863
      54.926      396.700     3081.805    10986.863
      55.026      387.300     3117.898    10986.863
      55.127      387.600     3153.477    10986.863
      55.228      397.400     3193.438    10986.863
      55.328      357.700     3232.109    10986.863
      55.429      338.200     3265.109    10986.863
      55.530      397.300     3269.234    10986.863
      55.630      387.300     3312.547    10986.863
      55.731      348.000     3364.883    10986.863
      55.831      327.500     3396.309    10986.863
      55.932      337.600     3396.309    10986.863
      56.033      307.800     3452.254    10986.863
      56.134      218.700     3586.832    10986.863
      56.234      377.400     3586.832    10986.863
      56.335      377.100     3591.988    10986.863
      56.436      357.400     3606.168    10986.863
      56.536      406.900     3613.129    10986.863
      56.637      346.800     3613.129    10986.863
      56.738      376.600     3613.129    10986.863
      56.839      387.000     3613.129    10986.863
      56.940      396.600     3613.129    10986.863
      57.041      396.700     3613.129    10986.863
      57.142      396.800     3613.129    10986.863
      57.242      327.500     3468.121    10763.645
      57.343      396.700     3468.121    10763.645
      57.444      406.600     3468.121    10763.645
      57.545      395.700     3468.121    10763.645
      57.646      406.200     3468.121    10763.645
      57.747      148.900     1454.418     8749.941
      57.847       89.500     1466.402     8824.660
      57.948       99.500     1573.371     8906.285
      58.048       99.500     1574.145     8906.285
      58.149       99.400     1574.145     8906.285
      58.250      109.300     1576.465     8906.285
      58.350       99.300     1579.043     8906.285
      58.451       99.300     1582.137     8906.285
      58.552       99.300     1584.973     8906.285
      58.652       99.300     1589.355     8906.285
      58.753       99.300     1591.934     8906.285
      58.854       99.300     1594.512     8906.285
      58.954       99.400     1596.832     8906.285
      59.055      109.200     1599.152     8906.285
      59.156       99.300     1601.215     8906.285
      59.257       89.400     1603.020     8906.285
      59.357       99.300     1604.824     8906.285
      59.458      109.200     1606.887     8906.285
      59.559      109.100     1608.434     8906.285
      59.660       99.300     1608.691     8906.285
      59.760       99.300     1608.691     8906.285
      59.861       99.300     1608.691     8906.285
      59.962       99.300     1608.691     8906.285
      60.062       99.300     1608.691     8906.285
      60.163       99.300     1608.691     8906.285
      60.264       99.400     1570.863     8906.285
      60.364       99.400     1539.234     8883.109
      60.465       99.400     1597.195     8918.383
      60.565       99.300     1597.453     8918.383
      60.666       99.400     1527.121     8824.660
      60.767       99.400     1527.121     8824.660
      60.867      109.300     1539.234     8883.109
      60.968       89.400     1597.453     8918.383
      61.069      109.300     1623.750     8962.758
      61.169       99.400     1571.496     8985.934
      61.270       99.400     1627.180     8985.934
      61.370      298.500     1671.516    10989.004
      61.471      397.500     1715.066    10989.004
      61.572      397.300     1757.090    10989.004
      61.672      397.300     1799.371    10989.004
      61.773      377.500     1836.625    10989.004
      61.874      347.400     1873.742    10989.004
      61.975      406.900     1914.980    10989.004
      62.075      397.300     1955.973    10989.004
      62.176      387.400     1998.254    10989.004
      62.277      397.400     2040.277    10989.004
      62.377      397.400     2081.270    10989.004
      62.478      367.400     2116.332    10989.004
      62.579      357.200     2148.168    10989.004
      62.679      357.400     2163.637    10989.004
      62.780      337.600     2209.715    10989.004
      62.881      377.200     2209.715    10989.004
      62.982      357.200     2243.723    10989.004
      63.083      386.800     2260.738    10989.004
      63.183      366.800     2301.473    10989.004
      63.284      407.000     2342.207    10989.004
      63.385      387.400     2382.168    10989.004
      63.485      397.300     2424.191    10989.004
      63.586      337.100     2457.707    10989.004
      63.687      337.500     2496.102    10989.004
      63.788      367.500     2496.355    10989.004
      63.888      397.000     2513.887    10989.004
      63.989      397.400     2552.816    10989.004
      64.090      397.200     2595.355    10989.004
      64.191      387.200     2635.852    10989.004
      64.291      337.700     2686.641    10989.004
      64.392      307.900     2733.820    10989.004
      64.493      367.500     2737.664    10989.004
      64.593      376.900     2738.430    10989.004
      64.694      397.400     2741.008    10989.004
      64.795      397.400     2783.305    10989.004
      64.895      377.600     2824.297    10989.004
      64.996      397.500     2866.578    10989.004
      65.097      397.200     2905.766    10989.004
      65.197      397.400     2948.047    10989.004
      65.298      397.300     2985.430    10989.004
      65.399      357.500     3014.562    10989.004
      65.499      377.400     3047.820    10989.004
      65.600      387.300     3090.617    10989.004
      65.701      397.400     3131.352    10989.004
      65.801      397.400     3171.828    10989.004
      65.902      377.400     3213.078    10989.004
      66.003      356.200     3238.859    10989.004
      66.104      347.000     3265.414    10989.004
      66.205      407.200     3290.680    10989.004
      66.305      377.600     3331.672    10989.004
      66.406      317.400     3396.598    10989.004
      66.507      347.600     3396.598    10989.004
      66.608      387.000     3396.598    10989.004
      66.708      129.200     3567.012    10989.004
      66.809      387.600     3587.375    10989.004
      66.910      367.300     3587.375    10989.004
      67.010      357.100     3592.789    10989.004
      67.111      386.900     3613.414    10989.004
      67.212      377.200     3613.414    10989.004
      67.313      357.700     3613.414    10989.004
      67.413      367.100     3613.414    10989.004
      67.514      416.200     3613.414    10989.004
      67.615      396.900     3613.414    10989.004
      67.716      397.100     3613.414    10989.004
      67.817      317.500     3468.332    10765.785
      67.917      396.600     3468.332    10765.785
      68.018      405.400     3468.332    10765.785
      68.120      406.200     3468.332    10765.785
      68.221      396.200     3468.332    10765.785
      68.321      278.100     2666.301    10721.410
      68.422       99.400     1454.883     8752.082
      68.522      109.300     1497.738     8906.285
      68.623       99.400     1574.566     8906.285
      68.724       99.400     1574.566     8906.285
      68.824       99.400     1574.566     8906.285
      68.925      109.200     1577.660     8906.285
      69.026       89.300     1580.754     8906.285
      69.126      109.200     1583.848     8906.285
      69.227       99.300     1587.457     8906.285
      69.328       99.300     1590.809     8906.285
      69.428       99.300     1593.387     8906.285
      69.529       99.300     1595.965     8906.285
      69.630       99.300     1598.543     8906.285
      69.731      109.300     1600.348     8906.285
      69.831       89.300     1602.410     8906.285
      69.932       99.300     1604.215     8906.285
      70.033       99.300     1606.277     8906.285
      70.133       99.300     1608.082     8906.285
      70.234      109.200     1609.113     8906.285
      70.335       99.300     1609.113     8906.285
      70.436       99.300     1609.113     8906.285
      70.536       99.200     1609.113     8906.285
      70.637       99.300     1609.113     8906.285
      70.738       99.300     1609.113     8906.285
      70.838       99.300     1609.113     8906.285
      70.939       99.400     1527.543     8883.109
      71.040       99.400     1560.797     8883.109
      71.140       99.400     1597.875     8918.383
      71.241       99.500     1597.875     8918.383
      71.341      109.300     1527.543     8824.660
      71.442       99.300     1527.543     8883.109
      71.543       99.400     1558.992     8883.109
      71.643      109.400     1597.875     8918.383
      71.744      119.400     1642.219     8962.758
      71.844       99.400     1587.641     8985.934
      71.945      129.200     1647.449    10989.004
      72.046      397.300     1692.539    10989.004
      72.146      387.300     1734.047    10989.004
      72.247      397.600     1772.977    10989.004
      72.348      387.400     1812.164    10989.004
      72.448      387.500     1852.785    10989.004
      72.549      367.400     1888.340    10989.004
      72.650      397.400     1931.137    10989.004
      72.750      397.300     1971.871    10989.004
      72.851      387.400     2015.441    10989.004
      72.952      397.400     2057.723    10989.004
      73.052      377.700     2102.324    10989.004
      73.153      357.900     2130.098    10989.004
      73.253      347.300     2164.070    10989.004
      73.354      377.400     2180.809    10989.004
      73.455      337.500     2210.156    10989.004
      73.556      357.500     2241.344    10989.004
      73.656      377.400     2244.422    10989.004
      73.757      407.300     2278.711    10989.004
      73.858      367.700     2318.156    10989.004
      73.958      397.300     2363.273    10989.004
      74.059      387.200     2399.883    10989.004
      74.160      357.700     2447.836    10989.004
      74.260      368.200     2458.148    10989.004
      74.361      307.700     2496.289    10989.004
      74.462      377.300     2496.793    10989.004
      74.562      417.100     2528.242    10989.004
      74.663      397.400     2570.266    10989.004
      74.764      387.300     2610.484    10989.004
      74.864      377.200     2653.539    10989.004
      74.965      337.600     2687.055    10989.004
      75.066      317.900     2738.086    10989.004
      75.166      387.500     2739.109    10989.004
      75.267      357.500     2739.109    10989.004
      75.368      407.300     2757.414    10989.004
      75.468      397.400     2799.953    10989.004
      75.569      377.700     2840.688    10989.004
      75.670      387.700     2883.227    10989.004
      75.770      397.500     2924.219    10989.004
      75.871      407.400     2963.406    10989.004
      75.972      367.000     3007.234    10989.004
      76.073      357.200     3028.375    10989.004
      76.173      397.300     3066.531    10989.004
      76.274      397.300     3108.555    10989.004
      76.375      387.400     3149.547    10989.004
      76.475      387.600     3189.250    10989.004
      76.576      367.700     3224.570    10989.004
      76.677      337.800     3266.078    10989.004
      76.777      377.300     3266.078    10989.004
      76.878      407.200     3308.875    10989.004
      76.979      366.300     3347.805    10989.004
      77.080      307.200     3396.996    10989.004
      77.181      377.300     3396.996    10989.004
      77.281      278.100     3474.855    10989.004
      77.382      268.100     3587.777    10989.004
      77.483      376.900     3587.777    10989.004
      77.583      377.200     3593.191    10989.004
      77.684      355.900     3614.074    10989.004
      77.786      385.600     3614.074    10989.004
      77.887      367.100     3614.074    10989.004
      77.987      367.600     3614.074    10989.004
      78.088      386.400     3614.074    10989.004
      78.189      396.700     3614.074    10989.004
      78.290      396.800     3614.074    10989.004
      78.391      417.100     3614.074    10989.004
      78.491      307.200     3469.000    10765.785
      78.592      396.000     3469.000    10765.785
      78.693      406.200     3469.000    10765.785
      78.794      396.200     3469.000    10765.785
      78.895      406.500     3469.000    10765.785
      78.996      128.900     1455.297     8752.082
      79.097       99.300     1467.402     8906.285
      79.197       99.400     1586.766     8906.285
      79.298       99.500     1587.023     8906.285
      79.398      109.400     1587.023     8906.285
      79.499       99.400     1589.344     8906.285
      79.600       99.300     1592.180     8906.285
      79.700       99.300     1595.273     8906.285
      79.801       89.400     1598.367     8906.285
      79.902      109.300     1602.492     8906.285
      80.002       99.400     1605.070     8906.285
      80.103       99.300     1607.648     8906.285
      80.204       99.300     1609.969     8906.285
      80.305       99.300     1612.031     8906.285
      80.405       99.300     1614.352     8906.285
      80.506      109.200     1616.156     8906.285
      80.607       99.300     1617.961     8906.285
      80.707       99.300     1620.023     8906.285
      80.808       99.300     1621.570     8906.285
      80.909       99.300     1621.570     8906.285
      81.010       99.300     1621.570     8906.285
      81.110      109.200     1621.570     8906.285
      81.211       99.300     1621.570     8906.285
      81.312       99.300     1621.570     8906.285
      81.412       99.400     1621.570     8906.285
      81.513       99.400     1539.973     8883.109
      81.614       89.500     1560.594     8883.109
      81.714      109.400     1622.422     8930.477
      81.815       99.500     1622.422     8930.477
      81.915       99.500     1552.066     8836.754
      82.016       99.300     1552.066     8895.203
      82.117       99.400     1573.203     8895.203
      82.217       99.300     1622.398     8930.477
      82.318       99.400     1660.555     8974.852
      82.418       99.500     1547.941     8949.645
      82.519      109.300     1614.457     8949.645
      82.620      347.900     1654.926    10952.715
      82.720      387.500     1697.723    10952.715
      82.821      397.200     1742.066    10952.715
      82.922      397.500     1780.480    10952.715
      83.022      377.600     1819.281    10952.715
      83.123      367.700     1855.086    10952.715
      83.224      397.500     1899.688    10952.715
      83.324      397.400     1941.453    10952.715
      83.425      387.500     1982.703    10952.715
      83.526      397.400     2023.438    10952.715
      83.626      397.200     2065.461    10952.715
      83.727      347.400     2105.410    10952.715
      83.828      366.300     2124.398    10952.715
      83.929      337.200     2156.602    10952.715
      84.030      347.600     2185.953    10952.715
      84.130      377.600     2202.965    10952.715
      84.231      357.800     2219.707    10952.715
      84.331      397.000     2243.941    10952.715
      84.432      367.600     2283.645    10952.715
      84.533      407.200     2324.895    10952.715
      84.633      387.400     2364.598    10952.715
      84.734      377.200     2409.973    10952.715
      84.835      347.400     2433.691    10952.715
      84.936      336.900     2472.578    10952.715
      85.037      377.200     2472.836    10952.715
      85.137      397.200     2493.977    10952.715
      85.238      387.600     2534.195    10952.715
      85.339      407.300     2576.219    10952.715
      85.439      377.500     2617.469    10952.715
      85.540      337.400     2663.102    10952.715
      85.641      317.300     2714.129    10952.715
      85.742      367.000     2715.145    10952.715
      85.842      387.100     2715.145    10952.715
      85.943      397.000     2723.137    10952.715
      86.044      387.500     2765.160    10952.715
      86.145      387.500     2805.637    10952.715
      86.245      397.400     2848.949    10952.715
      86.346      387.500     2891.230    10952.715
      86.447      397.200     2931.707    10952.715
      86.547      387.200     2967.801    10952.715
      86.648      347.300     3004.410    10952.715
      86.749      397.100     3032.512    10952.715
      86.849      397.400     3074.277    10952.715
      86.950      387.500     3114.238    10952.715
      87.051      397.300     3155.488    10952.715
      87.151      367.600     3196.480    10952.715
      87.252      348.100     3229.738    10952.715
      87.353      367.600     3241.855    10952.715
      87.453      387.200     3272.535    10952.715
      87.554      386.700     3323.582    10952.715
      87.655      297.900     3372.535    10952.715
      87.756      377.500     3372.535    10952.715
      87.856      367.700     3390.582    10952.715
      87.957      169.000     3563.570    10952.715
      88.057      397.400     3563.570    10952.715
      88.158      367.500     3563.570    10952.715
      88.259      346.900     3568.984    10952.715
      88.360      397.000     3589.609    10952.715
      88.460      357.600     3589.609    10952.715
      88.561      367.100     3589.609    10952.715
      88.662      377.000     3589.609    10952.715
      88.763      416.700     3589.609    10952.715
      88.864      396.600     3589.609    10952.715
      88.964      397.300     3589.609    10952.715
      89.065      297.700     3456.250    10741.590
      89.166      396.600     3456.250    10741.590
      89.267      406.100     3456.250    10741.590
      89.368      396.000     3456.250    10741.590
      89.469      396.500     3456.250    10741.590
      89.570      268.000     2540.809    10697.215
      89.670      109.300     1442.785     8727.887
      89.771       99.400     1522.438     8906.285
      89.871       99.400     1574.516     8906.285
      89.972       99.400     1574.516     8906.285
      90.073       99.400     1575.031     8906.285
      90.173       99.300     1578.125     8906.285
      90.274       99.300     1581.219     8906.285
      90.375      109.200     1584.312     8906.285
      90.475       99.300     1588.180     8906.285
      90.576       99.300     1591.273     8906.285
      90.677       99.300     1593.852     8906.285
      90.777       99.300     1596.430     8906.285
      90.878       99.300     1598.750     8906.285
      90.979       99.300     1600.555     8906.285
      91.080       99.300     1602.617     8906.285
      91.180       99.300     1604.422     8906.285
      91.281       99.300     1606.484     8906.285
      91.382      109.200     1608.031     8906.285
      91.483       99.300     1609.062     8906.285
      91.583       99.300     1609.062     8906.285
      91.684       99.300     1609.062     8906.285
      91.785       99.300     1609.062     8906.285
      91.886       99.300     1609.062     8906.285
      91.986       99.300     1609.062     8906.285
      92.087       99.300     1609.062     8906.285
      92.188       99.400     1527.473     8883.109
      92.288      109.300     1570.734     8930.477
      92.389       99.500     1609.922     8930.477
      92.489       99.500     1609.922     8930.477
      92.590       99.300     1539.566     8836.754
      92.691       99.300     1539.566     8895.203
      92.791       99.400     1574.625     8895.203
      92.892       99.400     1609.898     8930.477
      92.992       99.500     1654.242     8974.852
      93.093       99.400     1602.758     8998.027
      93.193      149.100     1660.758    11001.098
      93.294      387.500     1704.844    11001.098
      93.395      387.700     1746.094    11001.098
      93.495      397.700     1788.633    11001.098
      93.596      397.400     1827.562    11001.098
      93.697      377.400     1868.918    11001.098
      93.797      377.800     1903.688    11001.098
      93.898      387.700     1945.969    11001.098
      93.998      397.900     1987.992    11001.098
      94.099      387.600     2031.047    11001.098
      94.200      397.700     2070.750    11001.098
      94.300      377.700     2116.383    11001.098
      94.401      367.400     2142.148    11001.098
      94.502      337.600     2175.855    11001.098
      94.602      377.300     2193.125    11001.098
      94.703      337.700     2222.234    11001.098
      94.804      347.600     2254.707    11001.098
      94.904      377.500     2256.508    11001.098
      95.005      407.400     2291.312    11001.098
      95.106      377.800     2328.695    11001.098
      95.206      387.500     2375.359    11001.098
      95.307      387.100     2410.680    11001.098
      95.408      377.700     2450.383    11001.098
      95.508      347.500     2470.234    11001.098
      95.609      327.600     2508.855    11001.098
      95.710      367.400     2509.109    11001.098
      95.810      407.500     2536.695    11001.098
      95.911      397.700     2576.914    11001.098
      96.012      387.700     2618.680    11001.098
      96.112      387.600     2665.602    11001.098
      96.213      337.800     2699.375    11001.098
      96.313      317.900     2750.398    11001.098
      96.414      377.300     2751.418    11001.098
      96.515      367.600     2751.418    11001.098
      96.615      397.400     2765.340    11001.098
      96.716      397.700     2807.363    11001.098
      96.817      387.800     2848.613    11001.098
      96.917      387.700     2890.895    11001.098
      97.018      407.500     2931.629    11001.098
      97.118      377.800     2971.848    11001.098
      97.219      377.800     3008.715    11001.098
      97.320      367.700     3040.426    11001.098
      97.420      387.500     3072.137    11001.098
      97.521      387.500     3115.965    11001.098
      97.622      397.500     3155.926    11001.098
      97.722      387.500     3197.176    11001.098
      97.823      377.400     3236.621    11001.098
      97.924      337.100     3278.129    11001.098
      98.025      366.900     3278.129    11001.098
      98.125      407.600     3313.707    11001.098
      98.226      367.600     3359.855    11001.098
      98.326      308.000     3408.820    11001.098
      98.427      366.800     3408.820    11001.098
      98.528      367.400     3437.691    11001.098
      98.629      178.800     3599.855    11001.098
      98.729      396.300     3599.855    11001.098
      98.830      357.600     3599.855    11001.098
      98.931      357.300     3607.332    11001.098
      99.032      397.200     3626.152    11001.098
      99.132      347.700     3626.152    11001.098
      99.233      387.300     3626.152    11001.098
      99.334      367.000     3626.152    11001.098
      99.435      416.800     3626.152    11001.098
      99.536      396.700     3626.152    11001.098
      99.636      397.100     3626.152    11001.098
      99.737      317.800     3480.922    10777.879
      99.838      397.000     3480.922    10777.879
      99.939      396.400     3480.922    10777.879
     100.040      406.300     3480.922    10777.879
     100.140      396.900     3480.922    10777.879
     100.241      218.400     2110.648    10733.504
     100.342       99.500     1420.242     8705.695
     100.442      119.400     1431.102     8707.695
     100.543      109.400     1433.938     8708.695
     100.643      119.300     1435.227     8709.695
     100.744       99.500     1437.547     8711.695
     100.844       99.500     1438.320     8711.695
     100.945      129.300     1441.449     8713.695
     101.046      258.400     1441.723     8713.695
     101.146      423.300     1442.375     8713.695
     101.248      335.600     1442.375     8713.695
     101.349      208.800     1442.562     8713.695
     101.450       29.600     1442.832     8713.695
     101.551        0.000     1442.832     8713.695
     101.652        0.000     1442.832     8713.695
     101.754        0.000     1442.832     8713.695
     101.855        0.000     1442.832     8713.695
     101.956        0.000     1442.832     8713.695
     102.057        0.000     1442.832     8713.695
     102.159        0.000     1442.832     8713.695
     102.260        0.000     1442.832     8713.695
     102.361        0.000     1442.832     8713.695
     102.462        0.000     1442.832     8713.695
     102.563        0.000     1442.832     8713.695
     102.665        0.000     1442.832     8713.695
     102.766        0.000     1442.832     8713.695
     102.867        0.000     1442.832     8713.695
     102.969        0.000     1442.832     8713.695
