# Elapsed time   CPU (%)     Real (MB)   Virtual (MB)
       0.000        0.000     1734.695     9312.020
       0.501        0.000     1734.695     9312.020
       1.003        0.000     1734.695     9312.020
       1.505        2.000     1734.695     9312.020
       2.007        4.000     1734.695     9312.020
       2.508        2.000     1734.695     9312.020
       3.010        0.000     1734.695     9312.020
       3.512        0.000     1734.695     9312.020
       4.014       19.900     1734.852     9312.020
       4.515        8.000     1734.852     9312.020
       5.017        0.000     1734.852     9312.020
       5.519        2.000     1734.852     9312.020
       6.021        0.000     1734.852     9312.020
       6.522        2.000     1734.852     9312.020
       7.024       20.000     1734.855     9312.020
       7.525      105.800     1662.164     9214.750
       8.025      101.800     1830.441     9432.953
       8.526      101.800     1847.715     9432.953
       9.027       97.800     1860.348     9432.953
       9.528      101.800     1864.730     9432.953
      10.030       99.800     1877.883     9509.051
      10.530      101.800     1922.203     9553.426
      11.031      301.500     2100.305    11515.672
      11.532      395.300     2372.039    11515.672
      12.033      365.300     2522.359    11515.672
      12.534      369.300     2764.410    11515.672
      13.035      377.300     3001.840    11515.672
      13.536      387.200     3163.469    11515.672
      14.037      391.300     3423.859    11515.672
      14.538      369.300     3651.250    11515.672
      15.039      337.400     3860.824    11515.672
      15.540      380.200     3881.449    11515.672
      16.043      386.300     3736.301    11292.453
      16.544      135.700     1868.258     9496.953
      17.045       97.800     1885.531     9496.953
      17.546       99.800     1897.906     9496.953
      18.048       99.800     1900.742     9496.953
      18.549      101.800     1901.883     9509.051
      19.050      101.800     1874.844     9512.602
      19.550      355.300     2165.957    11515.672
      20.051      387.300     2428.559    11515.672
      20.552      373.200     2604.551    11515.672
      21.053      373.200     2794.273    11515.672
      21.554      373.200     3019.023    11515.672
      22.055      389.300     3243.832    11515.672
      22.556      391.300     3496.746    11515.672
      23.057      363.300     3676.660    11515.672
      23.558      347.200     3893.734    11515.672
      24.059      379.300     3748.496    11292.453
      24.560      285.400     1843.328     9496.953
      25.061       99.800     1877.359     9496.953
      25.562      101.800     1893.602     9496.953
      26.063       99.800     1901.078     9496.953
      26.564       99.800     1837.789     9473.777
      27.065       99.800     1901.984     9509.051
      27.566      263.500     2084.781    11515.672
      28.067      393.200     2364.879    11515.672
      28.568      361.200     2524.227    11515.672
      29.069      379.200     2776.094    11515.672
      29.570      383.000     2967.109    11515.672
      30.072      381.000     3159.914    11515.672
      30.573      391.300     3414.891    11515.672
      31.074      373.300     3664.969    11515.672
      31.575      341.300     3882.020    11515.672
      32.076      383.000     3893.621    11515.672
      32.577      369.500     2870.758    11248.078
      33.078      101.800     1871.230     9496.953
      33.578       97.800     1889.535     9496.953
      34.079      101.800     1901.137     9496.953
      34.580       99.900     1901.137     9496.953
      35.081       99.800     1819.285     9473.777
      35.582      171.700     1993.062    11515.672
      36.083      395.300     2269.785    11515.672
      36.584      373.200     2489.816    11515.672
      37.085      387.300     2702.488    11515.672
      37.586      377.200     2892.719    11515.672
      38.087      365.300     3055.617    11515.672
      38.588      387.200     3308.273    11515.672
      39.089      387.200     3545.719    11515.672
      39.590      346.900     3867.414    11515.672
      40.092      363.000     3893.711    11515.672
      40.593      389.100     3748.488    11292.453
      41.094      205.600     1866.523     9496.953
      41.595      101.800     1882.766     9496.953
      42.096       99.800     1896.430     9496.953
      42.597       99.800     1901.070     9496.953
      43.098      101.800     1901.977     9509.051
      43.599       99.800     1851.738     9512.602
      44.100      337.400     2154.227    11515.672
      44.601      393.300     2419.168    11515.672
      45.102      367.300     2581.691    11515.672
      45.603      377.200     2776.836    11515.672
      46.104      371.200     3018.379    11515.672
      46.605      397.300     3209.934    11515.672
      47.106      389.200     3459.238    11515.672
      47.607      365.200     3676.805    11515.672
      48.108      347.300     3893.883    11515.672
      48.609      385.000     3893.883    11515.672
      49.110      333.300     1734.953     9278.750
      49.611       99.800     1873.652     9496.953
      50.112      101.800     1891.184     9496.953
      50.613       97.800     1901.238     9496.953
      51.114       99.800     1901.238     9496.953
      51.615       99.800     1852.094     9473.777
      52.116      213.500     2035.191    11515.672
      52.617      393.300     2304.914    11515.672
      53.118      371.200     2490.105    11515.672
      53.619      383.200     2726.746    11515.672
      54.120      381.300     2909.750    11515.672
      54.621      369.300     3074.199    11515.672
      55.122      389.300     3318.605    11515.672
      55.623      383.300     3545.738    11515.672
      56.124      333.100     3867.691    11515.672
      56.626      369.200     3893.988    11515.672
      57.127      379.100     3748.746    11292.453
      57.628      303.400     1765.977     9496.953
      58.129      101.900     1876.320     9496.953
      58.630       97.800     1892.820     9496.953
      59.131      101.800     1901.328     9496.953
      59.632       99.800     1819.727     9473.777
      60.133       99.800     1902.199     9509.051
      60.633      253.500     2073.699    11515.672
      61.134      391.300     2341.664    11515.672
      61.635      363.300     2524.223    11515.672
      62.136      387.200     2737.949    11515.672
      62.637      381.000     2945.207    11515.672
      63.139      371.300     3109.383    11515.672
      63.640      389.200     3332.648    11515.672
      64.141      381.200     3545.602    11515.672
      64.642      369.300     3685.816    11515.672
      65.143      337.100     3893.871    11515.672
      65.644      383.000     3893.871    11515.672
      66.145      347.300     1764.977     9351.328
      66.646       37.900     1735.062     9278.750
      67.148        0.000     1735.062     9278.750
      67.650        0.000     1735.062     9278.750
      68.152        2.000     1735.062     9278.750
      68.654        0.000     1735.062     9278.750
      69.156        2.000     1735.062     9278.750
      69.657        0.000     1735.062     9278.750
      70.159        0.000     1735.062     9278.750
      70.661        2.000     1735.062     9278.750
      71.163        2.000     1735.062     9278.750
      71.665        0.000     1735.062     9278.750
      72.167        2.000     1735.062     9278.750
      72.668        0.000     1735.062     9278.750
      73.170        2.000     1735.062     9278.750
      73.672        0.000     1735.062     9278.750
