# Elapsed time   CPU (%)     Real (MB)   Virtual (MB)
       0.000        0.000     1679.449     9247.020
       0.501        0.000     1679.449     9247.020
       1.003        2.000     1679.449     9247.020
       1.504       12.000     1679.453     9247.020
       2.006       15.900     1499.664     9247.020
       2.507      133.700     1660.000     9247.020
       3.008      101.800     1831.629     9465.223
       3.509       99.800     1849.418     9465.223
       4.010       99.800     1861.020     9465.223
       4.511       99.800     1862.566     9465.223
       5.013      101.800     1793.246     9383.598
       5.513      109.800     1918.047    11547.941
       6.014      393.300     2198.617    11547.941
       6.515      379.100     2445.992    11547.941
       7.017      381.300     2634.395    11547.941
       7.517      377.300     2834.434    11547.941
       8.018      367.200     3004.551    11547.941
       8.519      391.200     3272.672    11547.941
       9.021      385.000     3531.258    11547.941
       9.522      347.300     3848.051    11547.941
      10.023      367.200     3879.246    11547.941
      10.524      383.100     3734.055    11324.723
      11.025      237.400     1864.207     9529.223
      11.526       97.800     1879.418     9529.223
      12.027      101.800     1893.340     9529.223
      12.528      101.800     1898.496     9529.223
      13.029       97.800     1899.637     9541.320
      13.530       99.800     1849.398     9544.871
      14.031      329.400     2151.879    11547.941
      14.532      391.200     2407.586    11547.941
      15.033      367.200     2579.395    11547.941
      15.534      375.200     2774.500    11547.941
      16.035      373.200     3015.793    11547.941
      16.536      387.300     3179.492    11547.941
      17.037      389.300     3427.508    11547.941
      17.538      367.200     3672.430    11547.941
      18.039      339.200     3882.234    11547.941
      18.540      387.100     3891.516    11547.941
      19.042      395.200     3398.883    11280.348
      19.543       99.800     1868.738     9529.223
      20.044      101.800     1887.043     9529.223
      20.545       99.800     1898.645     9529.223
      21.046       99.800     1898.902     9529.223
      21.547       99.800     1817.051     9506.047
      22.048      167.700     1986.691    11547.941
      22.548      393.300     2257.020    11547.941
      23.049      379.300     2458.520    11547.941
      23.550      379.400     2643.035    11547.941
      24.051      371.400     2809.809    11547.941
      24.552      367.300     3016.535    11547.941
      25.053      399.000     3233.613    11547.941
      25.554      387.300     3473.637    11547.941
      26.055      363.200     3674.441    11547.941
      26.556      349.300     3891.520    11547.941
      27.057      381.200     3891.520    11547.941
      27.558      339.300     1732.574     9311.020
      28.059       99.800     1870.758     9529.223
      28.560      101.800     1888.547     9529.223
      29.061       99.800     1898.859     9529.223
      29.562       99.800     1898.859     9529.223
      30.063       99.800     1822.164     9506.047
      30.564      191.600     2011.660    11547.941
      31.065      393.300     2277.504    11547.941
      31.566      369.300     2487.688    11547.941
      32.067      385.300     2686.965    11547.941
      32.568      377.300     2864.812    11547.941
      33.068      365.300     3019.480    11547.941
      33.569      395.200     3284.770    11547.941
      34.070      383.200     3517.059    11547.941
      34.571      367.200     3674.262    11547.941
      35.073      343.200     3891.340    11547.941
      35.574      377.300     3746.168    11324.723
      36.075      295.400     1801.039     9529.223
      36.575       99.800     1874.516     9529.223
      37.076      101.800     1891.016     9529.223
      37.577       99.800     1898.750     9529.223
      38.078      101.800     1832.367     9506.047
      38.579       97.800     1899.656     9541.320
      39.080      265.500     2082.203    11547.941
      39.581      393.300     2347.824    11547.941
      40.082      361.200     2521.637    11547.941
      40.583      381.200     2735.621    11547.941
      41.085      385.000     2943.129    11547.941
      41.586      371.300     3094.684    11547.941
      42.087      389.300     3332.387    11547.941
      42.588      384.900     3543.535    11547.941
      43.089      343.200     3864.973    11547.941
      43.590      363.200     3891.527    11547.941
      44.091      386.900     3746.520    11324.723
      44.593      221.400     1864.555     9529.223
      45.094       99.800     1880.539     9529.223
      45.595       99.800     1894.203     9529.223
      46.096       99.800     1899.102     9529.223
      46.597      101.800     1899.996     9541.320
      47.098       99.800     1857.500     9544.871
      47.598      347.400     2151.734    11547.941
      48.099      393.100     2407.629    11547.941
      48.601      365.200     2575.098    11547.941
      49.102      375.200     2774.348    11547.941
      49.603      377.000     3015.891    11547.941
      50.104      389.100     3170.051    11547.941
      50.605      389.300     3409.559    11547.941
      51.106      379.300     3625.090    11547.941
      51.607      333.400     3870.762    11547.941
      52.108      379.100     3891.645    11547.941
      52.609      385.000     3746.422    11324.723
      53.110      131.700     1866.777     9529.223
      53.611       99.800     1885.340     9529.223
      54.112      101.800     1897.457     9529.223
      54.613       99.800     1899.004     9529.223
      55.114       99.800     1829.496     9447.598
      55.615      137.700     1957.426    11547.941
      56.116      393.300     2227.215    11547.941
      56.617      377.200     2458.324    11547.941
      57.118      375.200     2640.781    11547.941
      57.619      377.200     2817.590    11547.941
      58.120      367.100     3016.570    11547.941
      58.622      397.200     3235.453    11547.941
      59.123      391.200     3472.641    11547.941
      59.624      363.200     3674.465    11547.941
      60.125      343.300     3891.539    11547.941
      60.626      381.200     3891.539    11547.941
      61.127      355.200     2072.270    11280.348
      61.628       25.900     1732.590     9311.020
      62.130        0.000     1732.590     9311.020
      62.632        0.000     1732.590     9311.020
      63.133        0.000     1732.590     9311.020
      63.635        0.000     1732.590     9311.020
      64.137        2.000     1732.590     9311.020
      64.639        2.000     1732.590     9311.020
      65.140        0.000     1732.590     9311.020
