# Elapsed time   CPU (%)     Real (MB)   Virtual (MB)
       0.001        0.000     1112.387     8355.508
       0.102       19.700     1112.449     8355.508
       0.203        9.900     1112.449     8355.508
       0.305      217.500     1112.539     8355.508
       0.406      356.800     1112.766     8355.508
       0.507      357.400     1112.953     8355.508
       0.607       69.500     1113.004     8355.508
       0.708      108.900     1113.059     8355.508
       0.809      108.700     1113.145     8355.508
       0.911      206.400     1113.609     8355.508
       1.012       78.900     1113.613     8355.508
       1.114        9.900     1113.613     8355.508
       1.215       39.400     1113.852     8355.508
       1.316      197.700     1114.047     8355.508
       1.417      148.700     1114.047     8355.508
       1.518      119.300     1114.930     8356.508
       1.619      198.000     1115.148     8356.508
       1.720        9.900     1115.148     8356.508
       1.820        9.900     1115.148     8356.508
       1.921        9.900     1115.148     8356.508
       2.022        0.000     1115.148     8356.508
       2.124        9.900     1115.148     8356.508
       2.225       19.700     1115.379     8356.508
       2.326       29.600     1115.379     8356.508
       2.428       19.700     1115.379     8356.508
       2.529       19.700     1115.379     8356.508
       2.631        0.000     1115.379     8356.508
       2.732        0.000     1115.379     8356.508
       2.834        0.000     1115.379     8356.508
       2.935      148.200     1116.086     8356.508
       3.036      404.800     1116.336     8356.508
       3.137      472.500     1116.336     8356.508
       3.239      475.000     1116.410     8356.508
       3.340      546.000     1121.285     8358.508
       3.440      516.300     1122.148     8358.730
       3.541      308.000     1123.094     8358.730
       3.642      377.700     1124.312     8358.730
       3.742      298.000     1124.609     8358.730
       3.843      377.600     1125.270     8358.730
       3.944      148.800     1125.547     8358.730
       4.045        9.900     1125.547     8358.730
       4.145        9.900     1125.547     8358.730
       4.247        9.900     1125.547     8358.730
       4.348        9.900     1125.598     8358.730
       4.449        0.000     1125.598     8358.730
       4.551        9.900     1125.598     8358.730
       4.652        9.900     1125.598     8358.730
       4.753        0.000     1125.598     8358.730
       4.854       29.600     1125.598     8358.730
       4.956       59.100     1125.598     8358.730
       5.058        0.000     1125.598     8358.730
       5.159        0.000     1125.598     8358.730
       5.260      108.700     1125.805     8358.730
       5.361        0.000     1125.805     8358.730
       5.462        0.000     1125.805     8358.730
       5.564        0.000     1125.805     8358.730
       5.665        0.000     1125.805     8358.730
       5.767       88.900     1125.875     8358.730
       5.868        0.000     1125.875     8358.730
       5.969        0.000     1125.875     8358.730
       6.070        0.000     1125.875     8358.730
       6.172        9.900     1125.875     8358.730
       6.273        0.000     1125.875     8358.730
       6.374        0.000     1125.875     8358.730
       6.476        0.000     1125.875     8358.730
       6.577        0.000     1125.875     8358.730
       6.678        0.000     1125.875     8358.730
       6.780        0.000     1125.875     8358.730
       6.881        0.000     1125.875     8358.730
       6.983        9.800     1125.875     8358.730
       7.084        0.000     1125.875     8358.730
       7.186        0.000     1125.875     8358.730
       7.288        0.000     1125.875     8358.730
       7.389        0.000     1125.875     8358.730
       7.490        0.000     1125.875     8358.730
       7.592        0.000     1125.875     8358.730
       7.693        0.000     1125.875     8358.730
       7.794        0.000     1125.875     8358.730
       7.896        0.000     1125.875     8358.730
       7.997        0.000     1125.875     8358.730
       8.099        0.000     1125.875     8358.730
       8.200        9.800     1125.875     8358.730
       8.302        0.000     1125.875     8358.730
       8.403        0.000     1125.875     8358.730
       8.505        0.000     1125.875     8358.730
       8.606        0.000     1125.875     8358.730
       8.708        0.000     1125.875     8358.730
       8.809        0.000     1125.875     8358.730
       8.911        0.000     1125.953     8358.730
       9.012        9.800     1125.953     8358.730
       9.113        0.000     1125.953     8358.730
       9.215        9.800     1125.953     8358.730
       9.316        0.000     1125.953     8358.730
       9.418       19.700     1125.953     8358.730
       9.519        0.000     1125.953     8358.730
       9.621        0.000     1125.953     8358.730
       9.722        0.000     1125.953     8358.730
       9.824        0.000     1125.953     8358.730
       9.925        9.900     1125.953     8358.730
      10.027        0.000     1125.953     8358.730
      10.129        0.000     1125.953     8358.730
      10.230        0.000     1125.953     8358.730
      10.332        0.000     1125.953     8358.730
      10.433        9.900     1125.953     8358.730
      10.534        0.000     1125.953     8358.730
      10.636        0.000     1125.953     8358.730
      10.738        0.000     1125.953     8358.730
      10.839        0.000     1125.953     8358.730
      10.940        0.000     1125.953     8358.730
      11.041        0.000     1125.953     8358.730
      11.142        0.000     1125.953     8358.730
      11.244        0.000     1125.953     8358.730
      11.345        0.000     1125.953     8358.730
      11.447        0.000     1125.953     8358.730
      11.549        0.000     1125.953     8358.730
      11.650        0.000     1125.953     8358.730
      11.752        9.900     1125.953     8358.730
      11.853        0.000     1125.953     8358.730
      11.954        0.000     1125.953     8358.730
      12.055        0.000     1125.953     8358.730
      12.156        0.000     1125.953     8358.730
      12.258        9.800     1125.953     8358.730
      12.359        0.000     1125.953     8358.730
      12.461        0.000     1125.953     8358.730
      12.562        0.000     1125.953     8358.730
      12.664        0.000     1125.953     8358.730
      12.765        9.800     1125.953     8358.730
      12.867        0.000     1125.953     8358.730
      12.968        9.900     1126.461     8414.809
      13.070       89.000     1130.586     8414.809
      13.171       99.200     1168.227     8414.809
      13.271      109.400     1189.625     8414.809
      13.372       69.300     1199.938     8414.809
      13.473        0.000     1199.938     8414.809
      13.574        0.000     1199.938     8414.809
      13.676        0.000     1199.938     8414.809
      13.777        0.000     1199.938     8414.809
      13.879        0.000     1199.938     8414.809
      13.980        0.000     1199.938     8414.809
      14.082        0.000     1199.938     8414.809
      14.183        9.900     1199.938     8414.809
      14.285        0.000     1199.938     8414.809
      14.386        9.900     1199.938     8414.809
      14.488        0.000     1199.938     8414.809
      14.589        0.000     1199.938     8414.809
      14.690        0.000     1199.938     8414.809
      14.792        0.000     1199.938     8414.809
      14.893        0.000     1199.938     8414.809
      14.995        0.000     1199.938     8414.809
      15.096        0.000     1199.938     8414.809
      15.198        0.000     1199.938     8414.809
      15.299        0.000     1199.938     8414.809
      15.401        0.000     1199.938     8414.809
      15.502        0.000     1199.938     8414.809
      15.603        0.000     1199.938     8414.809
      15.705        0.000     1199.938     8414.809
      15.806        0.000     1199.938     8414.809
      15.908        9.800     1199.938     8414.809
      16.009        0.000     1199.938     8414.809
      16.111        0.000     1199.938     8414.809
      16.212        0.000     1199.938     8414.809
      16.313        0.000     1199.938     8414.809
      16.415        0.000     1199.938     8414.809
      16.517        0.000     1199.938     8414.809
      16.618        0.000     1199.938     8414.809
      16.719        0.000     1199.938     8414.809
      16.820        0.000     1199.938     8414.809
      16.921        0.000     1199.938     8414.809
      17.023        0.000     1199.938     8414.809
      17.124        0.000     1199.938     8414.809
      17.226        9.800     1200.000     8414.809
      17.327        0.000     1200.000     8414.809
      17.429        9.900     1200.000     8414.809
      17.531        0.000     1200.000     8414.809
      17.632        0.000     1200.000     8414.809
      17.733        0.000     1200.000     8414.809
      17.835        0.000     1200.000     8414.809
      17.936        0.000     1200.000     8414.809
      18.038        0.000     1200.000     8414.809
      18.139        0.000     1200.000     8414.809
      18.241        0.000     1200.000     8414.809
      18.342        0.000     1200.000     8414.809
      18.444        0.000     1200.000     8414.809
      18.546        0.000     1200.000     8414.809
      18.647        0.000     1200.000     8414.809
      18.748        0.000     1200.000     8414.809
      18.850        0.000     1200.000     8414.809
      18.951        0.000     1200.000     8414.809
      19.053        0.000     1200.000     8414.809
      19.154        0.000     1200.000     8414.809
      19.256        9.800     1200.000     8414.809
      19.358        0.000     1200.000     8414.809
      19.459        0.000     1200.000     8414.809
      19.561        0.000     1200.000     8414.809
      19.662        0.000     1200.000     8414.809
      19.764        0.000     1200.000     8414.809
      19.865        0.000     1200.000     8414.809
      19.967        0.000     1200.000     8414.809
      20.068        0.000     1200.000     8414.809
      20.169        0.000     1200.000     8414.809
      20.271        0.000     1200.000     8414.809
      20.372        0.000     1200.000     8414.809
      20.474        0.000     1200.000     8414.809
      20.575        0.000     1200.000     8414.809
      20.677        9.800     1200.000     8414.809
      20.778        0.000     1200.000     8414.809
      20.879        0.000     1200.000     8414.809
      20.981        0.000     1200.000     8414.809
      21.082        0.000     1200.000     8414.809
      21.184        0.000     1200.000     8414.809
      21.285        0.000     1200.000     8414.809
      21.387       19.700     1200.000     8414.809
      21.488        0.000     1200.000     8414.809
      21.590        0.000     1200.000     8414.809
      21.691        0.000     1200.000     8414.809
      21.792        0.000     1200.000     8414.809
      21.894        0.000     1200.000     8414.809
      21.995        0.000     1200.000     8414.809
      22.097        0.000     1200.000     8414.809
      22.198        0.000     1200.000     8414.809
      22.300        0.000     1200.000     8414.809
      22.401        0.000     1200.000     8414.809
      22.502        0.000     1200.000     8414.809
      22.604        0.000     1200.000     8414.809
      22.706        0.000     1200.000     8414.809
      22.807        0.000     1200.000     8414.809
      22.909        0.000     1200.000     8414.809
      23.010        0.000     1200.000     8414.809
      23.111        0.000     1200.000     8414.809
      23.212        9.900     1200.000     8414.809
      23.314        0.000     1200.000     8414.809
      23.415       69.100     1206.246     8414.809
      23.516       99.000     1239.969     8542.934
      23.617       99.400     1270.648     8542.934
      23.717      109.100     1273.484     8542.934
      23.818       89.200     1275.547     8542.934
      23.919       99.000     1277.609     8542.934
      24.020      108.900     1279.156     8542.934
      24.121       98.900     1280.703     8542.934
      24.223      108.900     1281.992     8542.934
      24.324       99.000     1283.539     8542.934
      24.425       99.100     1284.570     8542.934
      24.525       99.300     1260.254     8530.922
      24.626       99.300     1270.641     8502.883
      24.727       99.400     1274.504     8566.883
      24.827       99.400     1307.504     8566.883
      24.928       99.500     1327.520     9022.359
      25.028      109.400     1334.738     9024.371
      25.129      387.300     1379.621     9024.371
      25.230      407.400     1423.047     9024.371
      25.330      397.700     1465.070     9024.371
      25.431      397.000     1510.180     9088.371
      25.532      387.400     1539.055     9088.371
      25.632      387.400     1579.531     9088.371
      25.733      397.500     1622.586     9088.371
      25.834      407.400     1665.125     9088.371
      25.934      357.600     1710.137     9088.371
      26.035      377.300     1710.137     9088.371
      26.136      228.100     1316.078     8693.688
      26.237      109.300     1316.078     8693.688
      26.337       99.300     1316.078     8693.688
      26.438       99.200     1316.078     8693.688
      26.539       99.300     1316.078     8693.688
      26.640       99.200     1316.078     8693.688
      26.740       99.200     1316.336     8693.688
      26.841       99.200     1318.141     8693.688
      26.942      109.200     1318.398     8693.688
      27.042       99.400     1334.383     8693.688
      27.143       99.400     1334.383     8693.688
      27.244      119.200     1345.984     9064.297
      27.344      407.000     1386.977     9064.297
      27.445      397.400     1429.773     9064.297
      27.546      407.300     1471.797     9064.297
      27.646      377.700     1516.398     9064.297
      27.747      397.500     1545.789     9064.297
      27.848      387.800     1581.109     9064.297
      27.948      388.000     1623.391     9064.297
      28.049      397.700     1660.516     9064.297
      28.149      397.600     1701.766     9064.297
      28.250      367.700     1713.625     9064.297
      28.351      287.800     1343.090     8693.688
      28.451       99.400     1343.090     8693.688
      28.552       99.300     1343.090     8693.688
      28.653      109.200     1343.090     8693.688
      28.753       99.300     1343.090     8693.688
      28.854       99.200     1343.090     8693.688
      28.955       99.200     1343.090     8693.688
      29.056      109.200     1343.090     8693.688
      29.156       99.300     1343.090     8693.688
      29.257       99.400     1343.090     8693.688
      29.358       99.400     1343.090     8693.688
      29.458      238.600     1361.676     9064.297
      29.559      407.300     1405.504     9064.297
      29.659      407.400     1448.559     9064.297
      29.760      397.700     1491.355     9064.297
      29.861      377.500     1526.934     9064.297
      29.961      397.400     1566.121     9064.297
      30.062      387.400     1605.566     9064.297
      30.163      407.300     1647.848     9064.297
      30.263      397.500     1687.551     9064.297
      30.364      347.500     1714.363     9064.297
      30.465      387.100     1617.961     9064.297
      30.565       99.400     1343.961     8695.828
      30.666       99.400     1343.961     8695.828
      30.767       99.300     1343.961     8695.828
      30.867       99.400     1343.961     8695.828
      30.968       99.300     1343.961     8695.828
      31.069      109.100     1343.961     8695.828
      31.170       99.300     1343.961     8695.828
      31.270       99.300     1343.961     8695.828
      31.371       99.300     1343.961     8695.828
      31.472       99.400     1343.961     8695.828
      31.572      208.800     1357.219     9066.438
      31.673      407.300     1400.789     9066.438
      31.774      397.400     1444.102     9066.438
      31.874      397.400     1485.867     9066.438
      31.975      387.600     1526.344     9066.438
      32.075      397.500     1560.891     9066.438
      32.176      397.300     1601.367     9066.438
      32.277      397.300     1644.164     9066.438
      32.377      387.700     1683.352     9066.438
      32.478      357.500     1714.547     9066.438
      32.579      396.700     1714.547     9066.438
      32.680      119.000     1344.098     8695.828
      32.780      109.300     1344.098     8695.828
      32.881       99.300     1344.098     8695.828
      32.982       99.300     1344.098     8695.828
      33.082       99.200     1344.098     8695.828
      33.183       99.200     1344.098     8695.828
      33.284       99.200     1344.098     8695.828
      33.385      109.200     1344.098     8695.828
      33.485       99.400     1344.098     8695.828
      33.586       99.400     1346.156     8695.828
      33.687      119.300     1377.094     9130.438
      33.787      397.100     1419.117     9130.438
      33.888      407.300     1462.172     9130.438
      33.989      397.700     1503.164     9130.438
      34.089      387.600     1543.641     9130.438
      34.190      387.400     1576.383     9130.438
      34.291      397.400     1617.117     9130.438
      34.391      397.500     1660.172     9130.438
      34.492      387.300     1703.484     9130.438
      34.593      376.600     1745.250     9130.438
      34.693      377.200     1729.258     9066.438
      34.794      218.200     1358.902     8695.828
      34.895       99.400     1358.902     8695.828
      34.996       99.300     1358.902     8695.828
      35.096      109.200     1358.902     8695.828
      35.197       99.300     1358.902     8695.828
      35.298       99.200     1358.902     8695.828
      35.399       99.200     1358.902     8695.828
      35.499       99.300     1358.902     8695.828
      35.600       99.400     1358.902     8695.828
      35.701      109.400     1358.902     8695.828
      35.801       99.400     1358.902     8695.828
      35.902      318.000     1387.777     9066.438
      36.002      397.500     1430.574     9066.438
      36.103      397.300     1473.887     9066.438
      36.204      397.500     1517.199     9066.438
      36.304      387.300     1551.488     9066.438
      36.405      387.500     1589.129     9066.438
      36.506      407.500     1631.926     9066.438
      36.606      397.400     1674.207     9066.438
      36.707      387.300     1714.941     9066.438
      36.808      367.300     1729.379     9066.438
      36.909      297.600     1359.004     8695.828
      37.009       99.400     1359.004     8695.828
      37.110       99.300     1359.004     8695.828
      37.211       99.300     1359.004     8695.828
      37.311       99.200     1359.004     8695.828
      37.412       99.300     1359.004     8695.828
      37.513       99.200     1359.004     8695.828
      37.614       99.300     1359.004     8695.828
      37.714       99.400     1359.004     8695.828
      37.815       99.400     1359.004     8695.828
      37.916       99.400     1359.004     8759.828
      38.016      258.400     1394.062     9130.438
      38.117      397.300     1437.633     9130.438
      38.217      407.400     1480.430     9130.438
      38.318      397.300     1523.742     9130.438
      38.419      377.000     1561.125     9130.438
      38.520      397.500     1599.281     9130.438
      38.620      397.600     1636.664     9130.438
      38.721      397.300     1679.461     9130.438
      38.821      397.400     1719.164     9130.438
      38.922      347.400     1729.617     9066.438
      39.023      387.200     1653.852     9066.438
      39.124       99.400     1359.008     8695.828
      39.224       99.400     1359.008     8695.828
      39.325       99.300     1359.008     8695.828
      39.426       99.300     1359.008     8695.828
      39.526       99.300     1359.008     8695.828
      39.627       99.200     1359.008     8695.828
      39.728       99.200     1359.008     8695.828
      39.829      119.100     1359.008     8695.828
      39.929       99.200     1359.008     8695.828
      40.030       99.400     1359.008     8695.828
      40.131      159.100     1382.723     9130.438
      40.231      407.400     1425.262     9130.438
      40.332      397.400     1468.574     9130.438
      40.433      397.400     1510.598     9130.438
      40.533      387.600     1552.363     9130.438
      40.634      387.500     1585.105     9130.438
      40.734      397.500     1625.840     9130.438
      40.835      397.400     1668.637     9130.438
      40.936      387.500     1711.691     9130.438
      41.036      387.300     1745.465     9130.438
      41.137      367.200     1729.621     9066.438
      41.238      158.600     1359.012     8695.828
      41.339       99.300     1359.012     8695.828
      41.439       99.300     1359.012     8695.828
      41.540       99.300     1359.012     8695.828
      41.641      109.200     1359.012     8695.828
      41.742       99.300     1359.012     8695.828
      41.842       99.400     1359.012     8695.828
      41.943       99.400     1359.012     8695.828
      42.043       99.400     1359.012     8695.828
      42.144       99.400     1359.012     8695.828
      42.245      169.200     1382.469     9130.438
      42.345      407.200     1425.008     9130.438
      42.446      397.500     1468.578     9130.438
      42.547      397.500     1510.602     9130.438
      42.647      387.400     1552.367     9130.438
      42.748      387.700     1584.852     9130.438
      42.848      397.600     1625.844     9130.438
      42.949      397.400     1668.383     9130.438
      43.050      387.400     1711.695     9130.438
      43.150      367.400     1745.469     9130.438
      43.251      397.100     1729.621     9066.438
      43.352      158.600     1359.012     8695.828
      43.453      109.300     1359.012     8695.828
      43.553       99.300     1359.012     8695.828
      43.654       99.300     1359.012     8695.828
      43.755       99.300     1359.012     8695.828
      43.856       99.200     1359.012     8695.828
      43.956       99.200     1359.012     8695.828
      44.057       99.300     1359.012     8695.828
      44.158       99.400     1359.012     8695.828
      44.258       99.400     1359.012     8695.828
      44.359      109.300     1374.219     8759.828
      44.460      387.800     1414.438     9130.438
      44.560      407.500     1457.492     9130.438
      44.661      387.400     1499.258     9130.438
      44.761      407.300     1541.023     9130.438
      44.862      377.600     1573.766     9130.438
      44.963      397.300     1614.500     9130.438
      45.063      387.600     1657.297     9130.438
      45.164      407.300     1699.320     9130.438
      45.265      377.500     1745.469     9130.438
      45.365      367.400     1729.629     9066.438
      45.466      238.300     1359.020     8695.828
      45.567       99.400     1359.020     8695.828
      45.667       99.300     1359.020     8695.828
      45.768       99.300     1359.020     8695.828
      45.869      109.200     1359.020     8695.828
      45.970       99.300     1359.020     8695.828
      46.070       99.200     1359.020     8695.828
      46.171       99.200     1359.020     8695.828
      46.272       99.400     1359.020     8695.828
      46.372       99.400     1359.020     8695.828
      46.473       99.400     1366.234     8759.828
      46.573      338.000     1405.680     9130.438
      46.674      397.300     1448.992     9130.438
      46.775      397.400     1491.789     9130.438
      46.875      407.500     1536.133     9130.438
      46.976      367.600     1567.586     9130.438
      47.077      397.300     1606.258     9130.438
      47.177      407.500     1649.570     9130.438
      47.278      387.500     1691.594     9130.438
      47.379      396.900     1731.039     9130.438
      47.479      357.300     1729.641     9066.438
      47.580      297.500     1359.031     8695.828
      47.681       99.400     1359.031     8695.828
      47.782       99.400     1359.031     8695.828
      47.882       99.400     1359.031     8695.828
      47.983       99.300     1359.031     8695.828
      48.084       99.200     1359.031     8695.828
      48.184      109.200     1359.031     8695.828
      48.285       99.300     1359.031     8695.828
      48.386       99.400     1359.031     8695.828
      48.486       99.400     1359.031     8695.828
      48.587       99.400     1361.348     8759.828
      48.688      288.200     1399.762     9130.438
      48.788      407.300     1443.590     9130.438
      48.889      397.300     1486.645     9130.438
      48.990      397.500     1528.668     9130.438
      49.090      387.400     1563.988     9130.438
      49.191      377.600     1605.238     9130.438
      49.292      407.500     1638.496     9130.438
      49.392      397.400     1681.809     9130.438
      49.493      397.300     1721.254     9130.438
      49.594      347.500     1729.641     9066.438
      49.694      367.300     1540.227     9066.438
      49.795       99.500     1363.148     8699.828
      49.895      129.400     1371.621     8699.828
      49.996       99.500     1374.199     8700.828
      50.096      129.300     1375.230     8701.828
      50.197       99.500     1377.551     8703.828
      50.297      109.500     1378.324     8703.828
      50.398      139.300     1381.711     8705.828
      50.498      258.600     1381.754     8705.828
      50.599      358.100     1382.895     8707.828
      50.700      208.100     1383.125     8707.828
      50.800       99.500     1383.125     8707.828
      50.901      109.300     1383.320     8707.828
      51.002        0.000     1383.320     8707.828
      51.103        0.000     1383.320     8707.828
      51.205        0.000     1383.320     8707.828
      51.306        0.000     1383.320     8707.828
      51.407        0.000     1383.320     8707.828
      51.509        0.000     1383.320     8707.828
      51.610        0.000     1383.320     8707.828
