# Elapsed time   CPU (%)     Real (MB)   Virtual (MB)
       0.000        0.000     1559.789     9125.879
       0.501        2.000     1559.789     9125.879
       1.003       12.000     1559.832     9125.879
       1.505       10.000     1559.863     9125.879
       2.006       35.900     1559.898     9125.879
       2.507      125.800     1587.418     9169.941
       3.008       99.800     1595.219     9177.961
       3.509      275.500     1788.391     9571.762
       4.010      385.100     1996.371     9571.762
       4.511      119.700     1594.168     9173.953
       5.012      125.800     1649.359     9575.773
       5.513      397.100     1938.324     9575.773
       6.014      225.600     1588.930     9173.953
       6.515       97.800     1595.250     9181.973
       7.016      321.400     1838.215     9575.773
       7.517      325.400     1583.188     9173.953
       8.018       99.800     1597.109     9173.953
       8.519      225.600     1752.848     9575.773
       9.020      389.300     2004.281     9575.773
       9.521      133.700     1593.699     9177.965
      10.022      125.800     1654.188     9579.785
      10.523      395.300     1943.051     9579.785
      11.024      225.600     1589.297     9173.953
      11.525       99.800     1595.344     9181.973
      12.026      325.400     1843.824     9575.773
      12.527      325.400     1583.137     9177.965
      13.028      101.800     1597.316     9177.965
      13.528      227.600     1758.867     9579.785
      14.029      387.500     2008.500     9579.785
      14.530      135.700     1597.922     9177.965
      15.031      123.800     1652.855     9579.785
      15.532      399.300     1937.941     9579.785
      16.033      227.600     1592.977     9177.965
      16.534      101.800     1599.297     9185.984
      17.035      323.400     1843.004     9579.785
      17.536      331.400     1587.250     9177.965
      18.037       99.800     1601.172     9177.965
      18.537      219.700     1753.301     9579.785
      19.038      391.300     2008.371     9579.785
      19.539      145.700     1597.277     9177.965
      20.040      117.800     1644.477     9579.785
      20.541      397.200     1926.887     9579.785
      21.042      241.500     1591.988     9177.965
      21.543       99.800     1599.156     9185.984
      22.044      305.500     1826.020     9579.785
      22.544      351.300     1571.043     9177.965
      23.045       99.900     1600.434     9177.965
      23.546      199.600     1729.875     9579.785
      24.047      395.300     2007.453     9579.785
      24.548      163.700     1596.242     9177.965
      25.049       99.800     1627.422     9200.535
      25.550      391.300     1902.254     9579.785
      26.051      267.500     1590.520     9177.965
      26.552       99.800     1599.234     9185.984
      27.053      283.500     1810.188     9579.785
      27.553      379.700     1555.375     9125.879
      28.054       19.900     1555.613     9125.879
      28.556        2.000     1555.613     9125.879
      29.058        0.000     1555.613     9125.879
      29.560        2.000     1555.613     9125.879
