# Elapsed time   CPU (%)     Real (MB)   Virtual (MB)
       0.000        0.000     1557.406     9125.879
       0.501        2.000     1557.406     9125.879
       1.003        0.000     1557.406     9125.879
       1.504        8.000     1557.406     9125.879
       2.006       10.000     1557.406     9125.879
       2.507       12.000     1557.453     9125.879
       3.008       99.800     1585.328     9169.941
       3.509      107.800     1597.754     9169.941
       4.011      155.600     1671.367     9571.762
       4.512      397.100     1935.562     9571.762
       5.013      229.500     1590.832     9173.953
       5.514      101.800     1597.484     9181.973
       6.015      295.500     1820.777     9575.773
       6.516      353.300     1567.051     9173.953
       7.017       99.800     1598.762     9173.953
       7.518      191.600     1718.922     9575.773
       8.019      393.100     2006.547     9575.773
       8.520      161.700     1594.555     9173.953
       9.021       99.800     1615.422     9196.523
       9.522      381.300     1897.699     9575.773
      10.023      267.500     1588.824     9177.965
      10.524       99.800     1601.273     9185.984
      11.025      279.500     1812.723     9579.785
      11.526      369.300     1557.691     9125.879
      12.027      101.800     1598.426     9173.953
      12.528      175.600     1707.359     9575.773
      13.029      397.300     1987.969     9575.773
      13.530      171.700     1594.277     9177.965
      14.031      101.800     1616.320     9200.535
      14.531      373.400     1891.887     9579.785
      15.032      285.500     1589.688     9177.965
      15.533      101.800     1603.660     9177.965
      16.034      225.600     1760.688     9579.785
      16.535      389.300     2010.844     9579.785
      17.036      141.700     1599.234     9177.965
      17.537       99.800     1631.961     9200.535
      18.038      393.300     1888.707     9579.785
      18.539      287.500     1590.902     9177.965
      19.040       99.800     1565.543     9165.949
      19.541      241.600     1774.227     9579.785
      20.041      389.300     2010.711     9579.785
      20.543      129.700     1599.875     9177.965
      21.044      115.800     1645.785     9579.785
      21.544      397.300     1927.512     9579.785
      22.045      245.500     1594.141     9177.965
      22.546       99.800     1601.309     9185.984
      23.047      297.400     1821.941     9579.785
      23.548      361.300     1557.676     9125.879
      24.049       99.800     1602.539     9177.965
      24.550      181.700     1713.160     9579.785
      25.051      397.300     1981.469     9579.785
      25.552      183.600     1597.820     9177.965
      26.053       99.800     1613.676     9200.535
      26.554      363.400     1875.953     9579.785
      27.055      281.100     1557.805     9125.879
      27.557       12.000     1557.805     9125.879
      28.059        0.000     1557.805     9125.879
      28.560        0.000     1557.805     9125.879
