# Elapsed time   CPU (%)     Real (MB)   Virtual (MB)
       0.000        0.000        1.781       13.836
       0.501        0.000        1.781       13.836
       1.003        0.000        1.781       13.836
       1.505        0.000        1.781       13.836
       2.006        0.000        1.781       13.836
       2.508        0.000        1.781       13.836
       3.010       95.800        7.809       33.066
       3.511       97.800       12.836       41.066
       4.012      101.800       18.508       41.605
       4.512       99.800       25.945       36.457
       5.013       99.800       52.234       71.332
       5.514       99.800       40.020       50.406
       6.015       99.800       40.020       50.406
       6.516       99.800       40.020       50.406
       7.017       99.800       40.020       50.406
       7.518       99.800       40.020       50.406
       8.019       99.800       40.020       50.406
       8.519       99.800       40.020       50.406
       9.020       99.800       40.020       50.406
       9.521      101.800       40.020       50.406
      10.022       99.800       40.020       50.406
      10.523       99.800       40.020       50.406
      11.023       99.800       40.020       50.406
      11.524       99.800       40.020       50.406
      12.025       99.800       40.020       50.406
      12.526       99.800       40.020       50.406
      13.027       99.800       40.020       50.406
      13.528       99.800       45.688      464.074
      14.028      101.800       49.812      464.074
      14.529       99.800       52.648      464.074
      15.030       99.800       54.195      464.074
      15.531       99.800       58.062      464.074
      16.032       99.800       59.094      464.074
      16.533       99.800       60.125      464.074
      17.034       99.800       63.477      464.074
      17.535      101.800       65.023      464.074
      18.036       97.800       65.797      464.074
      18.537      101.800       66.312      464.074
      19.037       99.800       67.344      464.074
      19.538       99.800       68.891      464.074
      20.039       99.800       75.336      464.074
      20.540       99.800       79.719      464.074
      21.041       99.800       82.297      464.074
      21.542       99.800       84.617      464.074
      22.043       99.800       85.391      464.074
      22.544       99.800       88.742      464.074
      23.045       99.800       93.125      464.074
      23.546       99.800       94.156      464.074
      24.047       99.800       98.539      464.074
      24.547       99.800      100.086      464.074
      25.048      101.800      101.375      464.074
      25.549       99.800      103.695      464.074
      26.050       99.800      104.727      464.074
      26.551       99.800      105.500      464.074
      27.052       99.800      106.016      464.074
      27.553       99.800      106.531      464.074
      28.054       99.800      111.430      464.074
      28.555       99.800      112.719      464.074
      29.056       99.800      113.234      464.074
      29.557      101.800      113.750      464.074
      30.057       99.800      115.039      464.074
      30.558       99.800      116.586      464.074
      31.059       97.800      118.648      464.074
      31.560       99.800      120.453      464.074
      32.061      101.800      122.000      464.074
      32.562       99.800      125.609      464.074
      33.063       99.800      128.188      464.074
      33.564       99.800      129.477      464.074
      34.065      101.800      135.148      464.074
      34.566       99.800      136.953      464.074
      35.067       99.800      137.984      464.074
      35.567       99.800      139.016      464.074
      36.068       99.800      140.047      464.074
      36.569       99.800      140.820      464.074
      37.070       99.800      141.594      464.074
      37.571       99.800      142.625      464.074
      38.072       99.800      144.172      464.074
      38.573       99.800      145.461      464.074
      39.074       99.800      152.938      464.074
      39.575       99.800      158.352      464.074
      40.076       99.800      161.188      464.074
      40.576      101.800      164.281      464.074
      41.077       99.800      167.633      464.074
      41.578       99.800      170.211      464.074
      42.079       97.800      172.016      464.074
      42.580      101.800      173.820      464.074
      43.081       99.800      175.109      464.074
      43.582       99.800      176.141      464.074
      44.083       99.800      177.172      464.074
      44.584       99.800      178.203      464.074
      45.085      101.800      178.977      464.074
      45.586       99.800      180.266      464.074
      46.087       99.800      181.039      464.074
      46.587       99.800      181.812      464.074
      47.088       99.800      182.586      464.074
      47.589       99.800      183.359      464.074
      48.090       99.800      184.133      464.074
      48.591       99.800      184.906      464.074
      49.092       99.800      185.680      464.074
      49.593       99.800      186.453      464.074
      50.094       99.800      187.227      464.074
      50.595       99.800      187.742      464.074
      51.096       99.800      194.188      464.074
      51.597       99.800      207.336      464.074
      52.098       99.800      209.141      464.074
      52.599       99.800      214.039      464.074
      53.099       99.800      216.359      464.074
      53.600      101.800      217.133      464.074
      54.101       99.800      218.938      464.074
      54.602       99.800      220.484      464.074
      55.103       99.800      222.031      464.074
      55.604       99.800      223.836      464.074
      56.105       99.800      225.641      464.074
      56.606       99.800      226.672      464.074
      57.107       99.800      228.219      464.074
      57.608       99.800      229.250      464.074
      58.109      101.800      230.539      464.074
      58.609       99.800      233.891      464.074
      59.110       99.800      235.438      464.074
      59.611       99.800      237.500      464.074
      60.112       99.800      250.133      464.074
      60.613       99.800      253.484      464.074
      61.114       99.800      256.062      464.074
      61.615       99.800      258.898      464.074
      62.116       99.800      259.672      464.074
      62.617       99.800      261.219      464.074
      63.118       99.800      263.023      464.074
      63.619       99.800      265.344      464.074
      64.120      101.800      266.117      464.074
      64.620       99.800      267.922      464.074
      65.121       99.800      269.469      464.074
      65.622       99.800      279.781      464.074
      66.123       99.800      284.164      464.074
      66.624       99.800      286.484      464.074
      67.125       99.800      288.547      464.074
      67.626       99.800      289.836      464.074
      68.127       99.800      291.383      464.074
      68.628       99.800      292.672      464.074
      69.129      101.800      293.703      464.074
      69.630       99.800      295.766      464.074
      70.131       99.800      297.055      464.074
      70.631       99.800      298.086      464.074
      71.132       99.800      299.633      464.074
      71.633       99.800      301.953      464.074
      72.134       99.800      303.242      464.074
      72.635       99.800      307.625      464.074
      73.136       99.800      308.914      464.074
      73.637      101.800      310.203      464.074
      74.138       99.800      310.977      464.074
      74.639       99.800      312.008      464.074
      75.140       99.800      313.297      464.074
      75.641       99.800      314.328      464.074
      76.142       99.800      324.898      464.074
      76.642       99.800      328.250      464.074
      77.143       99.800      331.859      464.074
      77.644       99.800      333.922      464.074
      78.145       99.800      337.016      464.074
      78.646       99.800      338.820      464.074
      79.147       99.800      339.852      464.074
      79.648       99.800      341.141      464.074
      80.149       99.800      342.688      464.074
      80.650       99.800      344.234      464.074
      81.151       99.800      345.523      464.074
      81.652       99.800      346.812      464.074
      82.153      101.800      347.844      464.074
      82.653       99.800      348.617      464.074
      83.154       99.800      349.133      464.074
      83.655       99.800      349.906      464.074
      84.156       99.800      350.422      464.074
      84.657       99.800      350.938      464.074
      85.158       99.800      351.453      464.074
      85.659       99.800      351.969      464.074
      86.160      101.800      353.000      464.074
      86.661       99.800      353.516      464.074
      87.162       99.800      354.289      464.074
      87.663       99.800      355.320      464.074
      88.164       99.800      356.094      464.074
      88.664      101.800      356.609      464.074
      89.165       97.800      357.383      464.074
      89.666       99.800      358.156      464.074
      90.167       99.800      359.188      464.074
      90.668       99.800      359.961      464.074
      91.169      101.800      360.992      464.074
      91.670       99.800      362.023      464.074
      92.171       99.800      362.797      464.074
      92.672       99.800      363.312      464.074
      93.173       99.800      364.086      464.074
      93.674       99.800      364.859      464.074
      94.174       99.800      365.633      464.074
      94.675       99.800      366.406      464.074
      95.176       99.800      367.180      464.074
      95.677       99.800      367.953      464.074
      96.178       99.800      368.469      464.074
      96.679       99.800      368.984      464.074
      97.180       99.800      369.758      464.074
      97.681      101.800      370.273      464.074
      98.182       99.800      370.789      464.074
      98.683       99.800      371.305      464.074
      99.184       99.800      371.820      464.074
      99.684       99.800      372.078      464.074
     100.185       99.800      372.336      464.074
     100.686       99.800      372.852      464.074
     101.187       99.800      373.109      464.074
     101.688       99.800      373.625      464.074
     102.189      101.800      373.883      464.074
     102.690       99.800      374.141      464.074
     103.191       99.800      374.656      464.074
     103.692       99.800      374.914      464.074
     104.193      101.800      375.172      464.074
     104.694       99.800      375.688      464.074
     105.194       99.800      375.945      464.074
     105.695       99.800      376.203      464.074
     106.196       99.800      376.719      464.074
     106.697       99.800      377.234      464.074
     107.198       99.800      377.750      464.074
     107.699       99.800      378.781      464.074
     108.200       99.800      379.812      464.074
     108.701       99.800      381.102      464.074
     109.202       99.800      382.391      464.074
     109.703       99.800      383.164      464.074
     110.203       99.800      383.680      464.074
     110.704       99.800      384.711      464.074
     111.205       99.800      385.484      464.074
     111.706       99.800      386.516      464.074
     112.207      101.800      387.031      464.074
     112.708       99.800      387.805      464.074
     113.209       99.800      388.836      464.074
     113.710       99.800      389.609      464.074
     114.211       99.800      390.383      464.074
     114.712       99.800      390.898      464.074
     115.213       99.800      391.672      464.074
     115.713       99.800      392.445      464.074
     116.214       99.800      392.961      464.074
     116.715       99.800      393.477      464.074
     117.216       99.800      393.992      464.074
     117.717       99.800      394.508      464.074
     118.218       99.800      395.023      464.074
     118.719       99.800      395.797      464.074
     119.220       99.800      396.828      464.074
     119.721      101.800      397.859      464.074
     120.222       99.800      398.891      464.074
     120.723       99.800      399.406      464.074
     121.224       99.800      399.664      464.074
     121.724       99.800      406.625      464.074
     122.225       99.800      411.781      464.074
     122.726       99.800      414.617      464.074
     123.227       99.800      415.133      464.074
     123.728       99.800      415.391      464.074
     124.229      101.800      415.906      464.074
     124.730       97.800      416.164      464.074
     125.231       99.800      416.680      464.074
     125.732       99.800      416.938      464.074
     126.233      101.800      417.453      464.074
     126.734       99.800      417.711      464.074
     127.234       99.800      418.227      464.074
     127.735       99.800      418.484      464.074
     128.236       99.800      418.742      464.074
     128.737       99.800      419.000      464.074
     129.238       99.800      419.516      464.074
     129.739       99.800      419.516      464.074
     130.240       99.800      419.773      464.074
     130.741      101.800      420.031      464.074
     131.242       99.800      420.289      464.074
     131.743       99.800      420.547      464.074
     132.243       99.800      420.805      464.074
     132.744       99.800      421.320      464.074
     133.245       99.800      421.578      464.074
     133.746       99.800      421.836      464.074
     134.247       99.800      422.094      464.074
     134.748      101.800      422.352      464.074
     135.249       99.800      422.867      464.074
     135.750       99.800      423.125      464.074
     136.251       99.800      423.383      464.074
     136.752       99.800      423.898      464.074
     137.253       99.800      424.156      464.074
     137.753       99.800      424.414      464.074
     138.254       99.800      424.930      464.074
     138.755       99.800      425.188      464.074
     139.256       99.800      425.445      464.074
     139.757      101.800      425.961      464.074
     140.258       99.800      426.219      464.074
     140.759       99.800      426.992      464.074
     141.260       99.800      427.766      464.074
     141.761       99.800      428.281      464.074
     142.262       99.800      428.539      464.074
     142.762       99.800      429.055      464.074
     143.263       99.800      429.570      464.074
     143.764      101.800      430.086      464.074
     144.265       99.800      430.602      464.074
     144.766       99.800      431.117      464.074
     145.267       99.800      431.375      464.074
     145.768       99.800      431.891      464.074
     146.269       99.800      432.148      464.074
     146.770       99.800      432.664      464.074
     147.271       99.800      432.922      464.074
     147.772       99.800      433.180      464.074
     148.272       99.800      433.695      464.074
     148.773       99.800      434.211      464.074
     149.274       99.800      434.727      464.074
     149.775       99.800      435.242      464.074
     150.276       99.800      435.500      464.074
     150.777       99.800      436.016      464.074
     151.278       99.800      436.273      464.074
     151.779       99.800      436.789      464.074
     152.280       99.800      437.047      464.074
     152.781      101.800      437.562      464.074
     153.282       99.800      437.820      464.074
     153.782       99.800      438.336      464.074
     154.283       99.800      438.594      464.074
     154.784       99.800      438.852      464.074
     155.285       99.800      439.109      464.074
     155.786       99.800      439.367      464.074
     156.287       99.800      439.883      464.074
     156.788       99.800      440.141      464.074
     157.289      101.800      440.398      464.074
     157.790       99.800      440.656      464.074
     158.291       99.800      441.172      464.074
     158.792       99.800      441.688      464.074
     159.292       99.800      442.203      464.074
     159.793       99.800      442.719      464.074
     160.294       99.800      443.492      464.074
     160.795       99.800      444.008      464.074
     161.296       99.800      444.523      464.074
     161.797       99.800      445.039      464.074
     162.298       99.800      445.555      464.074
     162.799       99.800      446.070      464.074
     163.300       99.800      446.586      464.074
     163.801      101.800      447.102      464.074
     164.302       99.800      447.359      464.074
     164.802       99.800      447.875      464.074
     165.303       99.800      448.133      464.074
     165.804       99.800      448.648      464.074
     166.305       99.800      448.906      464.074
     166.806       99.800      449.422      464.074
     167.307       99.800      449.938      464.074
     167.808       99.800      450.453      464.074
     168.309       99.800      450.969      464.074
     168.810       99.800      451.484      464.074
     169.311       99.800      452.000      464.074
     169.812       99.800      452.000      464.074
     170.312      101.800      452.258      464.074
     170.813       99.800      452.258      464.074
     171.314       99.800      452.258      464.074
     171.815       99.800      452.516      464.074
     172.316       99.800      452.516      464.074
     172.817       99.800      452.516      464.074
     173.318       99.800      452.516      464.074
     173.819       99.800      452.516      464.074
     174.320       99.800      452.516      464.074
     174.821       99.800      452.773      464.074
     175.321       99.800      452.773      464.074
     175.822       99.800      452.773      464.074
     176.323       99.800      452.773      464.074
     176.824       99.800      452.773      464.074
     177.325      101.800      452.773      464.074
     177.826       99.800      452.773      464.074
     178.327       99.800      453.031      464.074
     178.828       99.800      453.031      464.074
     179.329       99.800      453.031      464.074
     179.830       99.800      453.031      464.074
     180.330       99.800      453.031      464.074
     180.831       99.800      453.031      464.074
     181.332      101.800      453.031      464.074
     181.833       99.800      453.031      464.074
     182.334       99.800      453.031      464.074
     182.835       99.800      453.289      464.074
     183.336       99.800      453.289      464.074
     183.837       99.800      453.289      464.074
     184.338       99.800      453.289      464.074
     184.839       99.800      453.289      464.074
     185.339       99.800      453.289      464.074
     185.840       99.800      453.289      464.074
     186.341       99.800      453.289      464.074
     186.842       99.800      453.289      464.074
     187.343       99.800      453.289      464.074
     187.844       99.800      453.289      464.074
     188.345      101.800      453.289      464.074
     188.846       99.800      453.289      464.074
     189.347       99.800      453.289      464.074
     189.847       99.800      453.289      464.074
     190.348       99.800      453.289      464.074
     190.849       99.800      453.547      464.074
     191.350       99.800      453.547      464.074
     191.851       99.800      453.547      464.074
     192.352       99.800      453.547      464.074
     192.853      101.800      453.547      464.074
     193.354       99.800      453.547      464.074
     193.854       99.800      453.547      464.074
     194.355       99.800      453.547      464.074
     194.856       99.800      453.547      464.074
     195.357       99.800      453.547      464.074
     195.858       99.800      453.547      464.074
     196.359       99.800      453.547      464.074
     196.860       99.800      453.547      464.074
     197.360       99.800      453.547      464.074
     197.861       99.800      453.547      464.074
     198.362       99.800      453.547      464.074
     198.863       99.800      453.547      464.074
     199.364       99.800      453.547      464.074
     199.865      101.800      453.547      464.074
     200.366       99.800      453.547      464.074
     200.867       99.800      453.547      464.074
     201.368       99.800      453.547      464.074
     201.868       99.800      453.547      464.074
