# Elapsed time   CPU (%)     Real (MB)   Virtual (MB)
       0.000        0.000        1.844       13.836
       0.501        0.000        1.844       13.836
       1.003        0.000        1.844       13.836
       1.505        0.000        1.844       13.836
       2.007        0.000        1.844       13.836
       2.508        0.000        1.844       13.836
       3.010        0.000        1.844       13.836
       3.512        0.000        1.844       13.836
       4.014        0.000        1.844       13.836
       4.515        0.000        1.844       13.836
       5.018        0.000        1.844       13.836
       5.520        0.000        1.844       13.836
       6.021        0.000        1.844       13.836
       6.523        0.000        1.844       13.836
       7.024        0.000        1.844       13.836
       7.526        0.000        1.844       13.836
       8.027        0.000        1.844       13.836
       8.528       17.900        4.297       33.277
       9.030       97.700        9.332       40.777
       9.531       99.800       14.363       48.777
      10.032       99.800       23.129       80.781
      10.533      101.800       25.199       64.777
      11.034       99.800       35.254       84.562
      11.534       99.800       63.098      102.941
      12.035       99.800       41.605       75.645
      12.536       99.800       78.266      110.984
      13.037       99.800      124.578      138.277
      13.538       99.800       42.820       58.207
      14.039       99.800       47.719       58.207
      14.540      101.800       47.719       58.207
      15.041       99.800       47.719       58.207
      15.541       99.800       47.719       58.207
      16.042       99.800       47.719       58.207
      16.543       99.800       47.719       58.207
      17.044       99.800       47.719       58.207
      17.545       99.800       47.719       58.207
      18.046       99.800       47.719       58.207
      18.547       99.800       47.719       58.207
      19.048      101.800       47.719       58.207
      19.549       99.800       47.719       58.207
      20.050       99.800       47.719       58.207
      20.551       99.800       47.719       58.207
      21.052       99.800       47.719       58.207
      21.553       99.800       47.719       58.207
      22.054       99.800       47.719       58.207
      22.554       99.800       47.719       58.207
      23.055       99.800       47.719       58.207
      23.556       99.800       47.719       58.207
      24.057       99.800       47.719       58.207
      24.558       99.800       47.719       58.207
      25.058       99.800       47.719       58.207
      25.559       99.800       47.719       58.207
      26.060      101.800       47.719       58.207
      26.561       99.800       47.719       58.207
      27.062       99.800       47.719       58.207
      27.563       99.800       47.719       58.207
      28.064       99.800       47.719       58.207
      28.564       99.800       47.719       58.207
      29.065       99.800       47.719       58.207
      29.566       99.800       47.719       58.207
      30.067       97.800       59.062      902.473
      30.568      101.800       70.406      902.473
      31.069       99.800       76.852      902.473
      31.570       99.800       81.492      902.473
      32.071       99.800       87.680      902.473
      32.572      101.800       94.898      902.473
      33.073       99.800       96.703      902.473
      33.573       99.800       98.250      902.473
      34.074       99.800      100.055      902.473
      34.575       99.800      101.344      902.473
      35.076       99.800      103.148      902.473
      35.577       99.800      110.109      902.473
      36.078       99.800      112.172      902.473
      36.579       99.800      113.719      902.473
      37.080      101.800      115.008      902.473
      37.581       99.800      116.297      902.473
      38.082       97.800      117.328      902.473
      38.582       99.800      118.359      902.473
      39.083       99.800      119.391      902.473
      39.584      101.800      120.680      902.473
      40.085       99.800      121.711      902.473
      40.586       99.800      123.000      902.473
      41.087       99.800      123.773      902.473
      41.588      101.800      124.805      902.473
      42.089       99.800      125.836      902.473
      42.590       99.800      127.125      902.473
      43.090       97.800      128.156      902.473
      43.591       99.800      129.188      902.473
      44.092      101.800      138.984      902.473
      44.593       99.800      144.656      902.473
      45.094       99.800      147.492      902.473
      45.595       99.800      149.812      902.473
      46.096       99.800      160.383      902.473
      46.597       99.800      163.219      902.473
      47.098       99.800      165.281      902.473
      47.599       99.800      166.570      902.473
      48.099       99.800      167.859      902.473
      48.600       99.800      168.891      902.473
      49.101       99.800      170.180      902.473
      49.602       99.800      170.953      902.473
      50.103       99.800      171.727      902.473
      50.604       99.800      180.234      902.473
      51.105       99.800      182.297      902.473
      51.606      101.800      183.586      902.473
      52.107       99.800      184.875      902.473
      52.607       99.800      186.164      902.473
      53.108       99.800      186.938      902.473
      53.609       99.800      188.227      902.473
      54.110      101.800      189.516      902.473
      54.611       99.800      190.805      902.473
      55.112       99.800      191.836      902.473
      55.613       99.800      192.867      902.473
      56.114       99.800      199.312      902.473
      56.615       99.800      201.891      902.473
      57.115       99.800      202.922      902.473
      57.616       99.800      203.695      902.473
      58.117       99.800      204.727      902.473
      58.618       99.800      205.500      902.473
      59.119       99.800      206.273      902.473
      59.620       99.800      207.305      902.473
      60.121       99.800      208.852      902.473
      60.622       99.800      210.141      902.473
      61.123      101.800      211.430      902.473
      61.623       99.800      212.461      902.473
      62.124       99.800      219.938      902.473
      62.625       99.800      231.797      902.473
      63.126       99.800      235.148      902.473
      63.627       99.800      237.984      902.473
      64.128       99.800      240.305      902.473
      64.629       99.800      242.109      902.473
      65.130       99.800      243.656      902.473
      65.631       99.800      245.203      902.473
      66.131      101.800      245.977      902.473
      66.632       99.800      246.750      902.473
      67.133       97.800      247.523      902.473
      67.634       99.800      248.039      902.473
      68.135       99.800      248.555      902.473
      68.636      101.800      249.328      902.473
      69.137       99.800      249.844      902.473
      69.638       99.800      250.617      902.473
      70.139       99.800      251.133      902.473
      70.639       99.800      251.648      902.473
      71.140       99.800      252.422      902.473
      71.641       99.800      252.938      902.473
      72.142       99.800      253.711      902.473
      72.643       99.800      254.227      902.473
      73.144      101.800      254.742      902.473
      73.645       99.800      255.258      902.473
      74.146       99.800      255.773      902.473
      74.646       99.800      257.062      902.473
      75.147       99.800      257.578      902.473
      75.648       99.800      258.094      902.473
      76.149       99.800      259.125      902.473
      76.650       99.800      259.641      902.473
      77.151       99.800      260.156      902.473
      77.652      101.800      260.672      902.473
      78.153       99.800      261.188      902.473
      78.654       99.800      261.703      902.473
      79.154       99.800      262.219      902.473
      79.655       99.800      262.734      902.473
      80.156       99.800      263.250      902.473
      80.657       99.800      263.766      902.473
      81.158       99.800      264.281      902.473
      81.659       99.800      264.539      902.473
      82.160      101.800      265.055      902.473
      82.660       99.800      265.570      902.473
      83.161       99.800      265.828      902.473
      83.662       99.800      266.344      902.473
      84.163       99.800      266.602      902.473
      84.664       99.800      267.117      902.473
      85.165       99.800      267.633      902.473
      85.666       99.800      267.891      902.473
      86.167       99.800      268.406      902.473
      86.667       99.800      268.664      902.473
      87.168       99.800      269.180      902.473
      87.669       99.800      269.695      902.473
      88.170       99.800      269.953      902.473
      88.671       99.800      270.469      902.473
      89.172      101.800      270.984      902.473
      89.673       99.800      271.242      902.473
      90.173       97.800      271.758      902.473
      90.674       99.800      272.016      902.473
      91.175       99.800      272.531      902.473
      91.676      101.800      272.789      902.473
      92.177       99.800      273.047      902.473
      92.678       99.800      273.305      902.473
      93.179       99.800      273.562      902.473
      93.680       99.800      274.078      902.473
      94.180       99.800      274.336      902.473
      94.681       99.800      274.852      902.473
      95.182       99.800      275.367      902.473
      95.683       99.800      276.141      902.473
      96.184       99.800      276.656      902.473
      96.685       99.800      277.172      902.473
      97.186      101.800      277.688      902.473
      97.687       99.800      278.461      902.473
      98.188       99.800      278.977      902.473
      98.689       99.800      279.492      902.473
      99.189       99.800      280.008      902.473
      99.690       99.800      280.266      902.473
     100.191       99.800      280.781      902.473
     100.692      101.800      281.039      902.473
     101.193       99.800      281.555      902.473
     101.694       99.800      281.812      902.473
     102.195       99.800      282.328      902.473
     102.696       99.800      282.844      902.473
     103.197       99.800      283.359      902.473
     103.698       99.800      283.617      902.473
     104.198       99.800      284.133      902.473
     104.699       99.800      284.391      902.473
     105.200      101.800      284.906      902.473
     105.701       99.800      285.164      902.473
     106.202       99.800      285.680      902.473
     106.703       99.800      286.195      902.473
     107.204       99.800      286.453      902.473
     107.705       99.800      286.969      902.473
     108.206       99.800      287.227      902.473
     108.707       99.800      287.742      902.473
     109.208       99.800      288.000      902.473
     109.708       99.800      288.516      902.473
     110.209       99.800      288.773      902.473
     110.710       99.800      289.289      902.473
     111.211       99.800      289.547      902.473
     111.712      101.800      290.062      902.473
     112.213       99.800      290.320      902.473
     112.714       99.800      290.836      902.473
     113.215       99.800      291.352      902.473
     113.716       99.800      291.867      902.473
     114.217       99.800      292.125      902.473
     114.717       99.800      292.641      902.473
     115.218       99.800      293.156      902.473
     115.719       99.800      293.672      902.473
     116.220       99.800      294.188      902.473
     116.721       99.800      294.703      902.473
     117.222       99.800      295.219      902.473
     117.723       99.800      295.992      902.473
     118.224      101.800      296.508      902.473
     118.725       99.800      297.281      902.473
     119.226       99.800      298.312      902.473
     119.726       99.800      299.086      902.473
     120.227       99.800      299.602      902.473
     120.728       99.800      300.375      902.473
     121.229       99.800      301.148      902.473
     121.730       99.800      301.664      902.473
     122.231      101.800      302.180      902.473
     122.732       99.800      302.695      902.473
     123.233       99.800      303.211      902.473
     123.734       99.800      303.727      902.473
     124.235       97.800      304.242      902.473
     124.736       99.800      304.758      902.473
     125.237       99.800      305.273      902.473
     125.737       99.800      305.789      902.473
     126.238      101.800      306.305      902.473
     126.739       99.800      306.820      902.473
     127.240       99.800      307.336      902.473
     127.741       99.800      307.852      902.473
     128.242       99.800      308.367      902.473
     128.743       99.800      309.141      902.473
     129.244      101.800      309.656      902.473
     129.745       97.800      310.172      902.473
     130.246       99.800      310.688      902.473
     130.747       99.800      311.203      902.473
     131.247      101.800      311.719      902.473
     131.748       99.800      312.234      902.473
     132.249       99.800      312.750      902.473
     132.750       99.800      313.266      902.473
     133.251       99.800      314.039      902.473
     133.752       99.800      314.555      902.473
     134.253       99.800      314.812      902.473
     134.754       99.800      315.586      902.473
     135.255       99.800      316.102      902.473
     135.756      101.800      316.875      902.473
     136.257       99.800      317.648      902.473
     136.757       99.800      318.164      902.473
     137.258       99.800      318.938      902.473
     137.759       99.800      319.453      902.473
     138.260      101.800      319.969      902.473
     138.761       99.800      320.484      902.473
     139.262       99.800      321.258      902.473
     139.763       99.800      321.773      902.473
     140.264       99.800      322.289      902.473
     140.765       99.800      322.805      902.473
     141.266       99.800      323.578      902.473
     141.767       99.800      324.094      902.473
     142.267       99.800      327.188      902.473
     142.768       99.800      343.688      902.473
     143.269       99.800      348.586      902.473
     143.770       99.800      351.680      902.473
     144.271       99.800      354.258      902.473
     144.772       99.800      356.320      902.473
     145.273       99.800      358.125      902.473
     145.774      101.800      358.898      902.473
     146.275       99.800      359.414      902.473
     146.776       99.800      359.930      902.473
     147.277       99.800      360.703      902.473
     147.777       99.800      361.219      902.473
     148.278       99.800      361.734      902.473
     148.779       99.800      362.250      902.473
     149.280      101.800      362.766      902.473
     149.781       99.800      363.281      902.473
     150.282       99.800      363.797      902.473
     150.783       99.800      364.312      902.473
     151.284       99.800      364.828      902.473
     151.785       99.800      365.344      902.473
     152.286       99.800      365.859      902.473
     152.786       99.800      366.117      902.473
     153.287       99.800      366.633      902.473
     153.788       99.800      367.148      902.473
     154.289       99.800      367.664      902.473
     154.790       99.800      368.180      902.473
     155.291       99.800      368.695      902.473
     155.792       99.800      368.953      902.473
     156.293       99.800      369.469      902.473
     156.794       99.800      369.984      902.473
     157.295       99.800      370.500      902.473
     157.796      101.800      370.758      902.473
     158.296       99.800      371.273      902.473
     158.797       99.800      371.531      902.473
     159.298       99.800      372.047      902.473
     159.799       99.800      372.305      902.473
     160.300       99.800      372.820      902.473
     160.801       99.800      373.078      902.473
     161.302       99.800      373.594      902.473
     161.803       99.800      373.852      902.473
     162.304      101.800      374.367      902.473
     162.805       99.800      374.625      902.473
     163.305       99.800      374.883      902.473
     163.806       99.800      375.398      902.473
     164.307       99.800      375.656      902.473
     164.808       99.800      376.172      902.473
     165.309       99.800      376.430      902.473
     165.810       99.800      376.945      902.473
     166.311       99.800      377.203      902.473
     166.812       99.800      377.461      902.473
     167.313       99.800      377.719      902.473
     167.813       99.800      378.234      902.473
     168.314       99.800      378.492      902.473
     168.815       99.800      378.750      902.473
     169.316      101.800      379.008      902.473
     169.817       99.800      379.523      902.473
     170.318       99.800      379.781      902.473
     170.819       99.800      380.039      902.473
     171.320       99.800      380.297      902.473
     171.821       99.800      380.812      902.473
     172.321       99.800      381.070      902.473
     172.822       99.800      381.328      902.473
     173.323       99.800      381.586      902.473
     173.824      101.800      382.102      902.473
     174.325       99.800      382.875      902.473
     174.826       99.800      383.648      902.473
     175.327       99.800      384.422      902.473
     175.828       99.800      384.938      902.473
     176.329       99.800      385.711      902.473
     176.830       99.800      386.227      902.473
     177.331       99.800      387.000      902.473
     177.831       99.800      387.773      902.473
     178.332      101.800      388.289      902.473
     178.833       99.800      389.062      902.473
     179.334       99.800      389.836      902.473
     179.835       99.800      390.352      902.473
     180.336       99.800      390.867      902.473
     180.837       99.800      391.641      902.473
     181.338       99.800      392.414      902.473
     181.839       99.800      393.188      902.473
     182.340       99.800      393.961      902.473
     182.841       99.800      394.477      902.473
     183.341       99.800      395.250      902.473
     183.842       99.800      395.766      902.473
     184.343       99.800      396.281      902.473
     184.844      101.800      396.797      902.473
     185.345       99.800      397.312      902.473
     185.846       99.800      397.828      902.473
     186.347       99.800      398.344      902.473
     186.848       99.800      399.117      902.473
     187.349       99.800      399.633      902.473
     187.850       99.800      400.148      902.473
     188.351       99.800      400.664      902.473
     188.851      101.800      401.438      902.473
     189.352       99.800      401.953      902.473
     189.853       99.800      402.469      902.473
     190.354       99.800      403.242      902.473
     190.855       99.800      403.758      902.473
     191.356       99.800      404.273      902.473
     191.857       99.800      404.789      902.473
     192.358       99.800      405.305      902.473
     192.859       99.800      406.078      902.473
     193.360      101.800      418.195      902.473
     193.861       97.800      424.641      902.473
     194.361       99.800      429.023      902.473
     194.862       99.800      431.344      902.473
     195.363       99.800      433.148      902.473
     195.864       99.800      446.812      902.473
     196.365       99.800      457.641      902.473
     196.866      101.800      463.312      902.473
     197.367       99.800      465.633      902.473
     197.868       99.800      467.695      902.473
     198.369       99.800      469.242      902.473
     198.870       99.800      475.430      902.473
     199.371       99.800      477.492      902.473
     199.872      101.800      482.906      902.473
     200.372       99.800      484.453      902.473
     200.873       97.800      489.094      902.473
     201.374       99.800      491.672      902.473
     201.875       99.800      492.445      902.473
     202.376      101.800      493.219      902.473
     202.877       99.800      493.734      902.473
     203.378       99.800      501.469      902.473
     203.879       99.800      504.820      902.473
     204.380       99.800      506.367      902.473
     204.881       99.800      507.914      902.473
     205.382       99.800      509.719      902.473
     205.883       99.800      511.266      902.473
     206.384       99.800      522.867      902.473
     206.884      101.800      526.219      902.473
     207.385       99.800      533.180      902.473
     207.886       99.800      536.273      902.473
     208.387       99.800      538.078      902.473
     208.888       99.800      539.883      902.473
     209.389       99.800      541.430      902.473
     209.890       99.800      542.719      902.473
     210.391       99.800      544.266      902.473
     210.892      101.800      545.812      902.473
     211.393       97.800      547.359      902.473
     211.894       99.800      548.648      902.473
     212.395       99.800      549.680      902.473
     212.895      101.800      550.453      902.473
     213.396       99.800      551.484      902.473
     213.897       99.800      552.516      902.473
     214.398       99.800      553.289      902.473
     214.899       99.800      554.062      902.473
     215.400      101.800      554.836      902.473
     215.901       99.800      555.609      902.473
     216.402       99.800      561.539      902.473
     216.903       99.800      574.172      902.473
     217.404       99.800      578.555      902.473
     217.905       99.800      581.133      902.473
     218.406       97.800      583.195      902.473
     218.906       99.800      585.000      902.473
     219.407      101.800      586.547      902.473
     219.908       99.800      592.219      902.473
     220.409       99.800      602.273      902.473
     220.910       99.800      606.914      902.473
     221.411       99.800      608.977      902.473
     221.912      101.800      614.648      902.473
     222.413       97.800      628.570      902.473
     222.914       99.800      631.148      902.473
     223.415       99.800      633.469      902.473
     223.916       99.800      636.305      902.473
     224.416       99.800      638.367      902.473
     224.917      101.800      641.203      902.473
     225.418       99.800      642.492      902.473
     225.919       99.800      644.297      902.473
     226.420       99.800      645.844      902.473
     226.921       99.800      647.133      902.473
     227.422       99.800      648.422      902.473
     227.923       99.800      649.453      902.473
     228.424       99.800      650.227      902.473
     228.925       99.800      651.000      902.473
     229.426       99.800      652.031      902.473
     229.927       99.800      653.578      902.473
     230.427      101.800      654.609      902.473
     230.928       99.800      655.898      902.473
     231.429       99.800      656.672      902.473
     231.930       99.800      657.703      902.473
     232.431       99.800      658.477      902.473
     232.932       99.800      659.508      902.473
     233.433       99.800      660.281      902.473
     233.934       99.800      661.055      902.473
     234.435       99.800      661.828      902.473
     234.936      101.800      662.344      902.473
     235.436       99.800      663.117      902.473
     235.937       99.800      663.633      902.473
     236.438       99.800      664.148      902.473
     236.939       99.800      664.664      902.473
     237.440       99.800      665.180      902.473
     237.941       99.800      665.953      902.473
     238.442       99.800      666.469      902.473
     238.943       99.800      666.984      902.473
     239.444       99.800      667.500      902.473
     239.945       99.800      668.016      902.473
     240.446       99.800      668.273      902.473
     240.946       99.800      668.789      902.473
     241.447       99.800      669.305      902.473
     241.948      101.800      669.562      902.473
     242.449       99.800      670.078      902.473
     242.950       99.800      670.594      902.473
     243.451       99.800      671.109      902.473
     243.952      101.900      671.367      902.473
     244.453       99.800      671.883      902.473
     244.953       99.800      672.141      902.473
     245.454       99.800      672.656      902.473
     245.955       99.800      673.172      902.473
     246.456       99.800      673.688      902.473
     246.957       99.800      674.461      902.473
     247.458       99.800      675.492      902.473
     247.959       99.800      676.266      902.473
     248.460      101.800      677.297      902.473
     248.961       99.800      678.070      902.473
     249.462       99.800      678.844      902.473
     249.962       99.800      679.617      902.473
     250.463       99.800      680.391      902.473
     250.964       99.800      681.164      902.473
     251.465       99.800      681.680      902.473
     251.966       99.800      682.453      902.473
     252.467       99.800      682.969      902.473
     252.968       99.800      683.742      902.473
     253.469       99.800      684.258      902.473
     253.970       99.800      684.773      902.473
     254.471       99.800      685.547      902.473
     254.972       99.800      686.062      902.473
     255.472       99.800      686.578      902.473
     255.973       99.800      687.094      902.473
     256.474       99.800      687.609      902.473
     256.975       99.800      688.125      902.473
     257.476       99.800      688.898      902.473
     257.977       99.800      689.414      902.473
     258.478       99.800      689.930      902.473
     258.979       99.800      690.445      902.473
     259.480      101.800      690.703      902.473
     259.981       99.800      691.219      902.473
     260.482       99.800      691.734      902.473
     260.982       99.800      692.250      902.473
     261.483       99.800      692.766      902.473
     261.984      101.800      693.281      902.473
     262.485       99.800      693.797      902.473
     262.986       99.800      694.055      902.473
     263.487       99.800      694.570      902.473
     263.988       99.800      695.086      902.473
     264.489       99.800      695.602      902.473
     264.990       99.800      696.117      902.473
     265.491       99.800      696.633      902.473
     265.992       99.800      697.148      902.473
     266.492       99.800      697.664      902.473
     266.993       99.800      698.180      902.473
     267.494       99.800      698.695      902.473
     267.995       99.800      699.211      902.473
     268.496      101.800      699.727      902.473
     268.997       99.800      699.984      902.473
     269.498       99.800      700.500      902.473
     269.999       99.800      701.016      902.473
     270.500       99.800      701.531      902.473
     271.001       99.800      701.789      902.473
     271.502       99.800      702.047      902.473
     272.002       99.800      702.562      902.473
     272.503       99.800      703.078      902.473
     273.004       99.800      703.594      902.473
     273.505       99.800      704.109      902.473
     274.006       99.800      704.625      902.473
     274.507       99.800      704.883      902.473
     275.008      101.800      705.398      902.473
     275.509       99.800      705.914      902.473
     276.010       99.800      706.172      902.473
     276.511       99.800      706.688      902.473
     277.012       99.800      706.945      902.473
     277.512       99.800      707.461      902.473
     278.013       99.800      708.234      902.473
     278.514       99.800      709.008      902.473
     279.015       99.800      709.781      902.473
     279.516      101.800      710.555      902.473
     280.017       99.800      711.070      902.473
     280.518       99.800      711.586      902.473
     281.019       99.800      712.359      902.473
     281.520      101.800      712.875      902.473
     282.021       99.800      713.391      902.473
     282.522       99.800      713.906      902.473
     283.022       99.800      714.164      902.473
     283.523       99.800      714.680      902.473
     284.024       99.800      715.195      902.473
     284.525       99.800      715.969      902.473
     285.026       99.800      716.484      902.473
     285.527       99.800      717.000      902.473
     286.028       99.800      717.516      902.473
     286.529       99.800      718.031      902.473
     287.030       99.800      718.547      902.473
     287.531       99.800      719.062      902.473
     288.032      101.800      719.578      902.473
     288.533       99.800      720.352      902.473
     289.033       99.800      720.867      902.473
     289.534       99.800      721.383      902.473
     290.035       99.800      721.898      902.473
     290.536       99.800      722.672      902.473
     291.037       99.800      723.188      902.473
     291.538       99.800      723.703      902.473
     292.039       99.800      724.477      902.473
     292.540       99.800      724.992      902.473
     293.041       99.800      725.766      902.473
     293.542       99.800      726.281      902.473
     294.043       99.800      726.797      902.473
     294.543      101.800      727.312      902.473
     295.044       99.800      728.086      902.473
     295.545       99.800      728.602      902.473
     296.046       99.800      729.117      902.473
     296.547       99.800      729.633      902.473
     297.048       99.800      729.891      902.473
     297.549       99.800      730.406      902.473
     298.050       99.800      730.922      902.473
     298.551       99.800      731.438      902.473
     299.052       99.800      731.953      902.473
     299.553       99.800      732.211      902.473
     300.053       99.800      732.727      902.473
     300.554       99.800      733.242      902.473
     301.055       99.800      733.758      902.473
     301.556      101.800      734.273      902.473
     302.057       99.800      734.789      902.473
     302.558       99.800      735.305      902.473
     303.059       99.800      735.820      902.473
     303.560       99.800      736.336      902.473
     304.061       99.800      736.852      902.473
     304.562       99.800      737.109      902.473
     305.063       99.800      737.367      902.473
     305.563      101.800      737.883      902.473
     306.064       99.800      738.141      902.473
     306.565       99.800      738.656      902.473
     307.066       99.800      738.914      902.473
     307.567       99.800      739.172      902.473
     308.068       99.800      739.430      902.473
     308.569       99.800      739.945      902.473
     309.070       99.800      740.203      902.473
     309.571       99.800      740.461      902.473
     310.072       99.800      740.719      902.473
     310.572       99.800      740.977      902.473
     311.073       99.800      741.234      902.473
     311.574       99.800      741.750      902.473
     312.075       99.800      742.008      902.473
     312.576      101.800      742.266      902.473
     313.077       99.800      742.523      902.473
     313.578       99.800      742.781      902.473
     314.079       99.800      743.039      902.473
     314.580       99.800      743.555      902.473
     315.081       99.800      743.812      902.473
     315.582       99.800      744.070      902.473
     316.082       99.800      744.328      902.473
     316.583       99.800      744.586      902.473
     317.084      101.800      744.844      902.473
     317.585       97.800      745.102      902.473
     318.086       99.800      745.359      902.473
     318.587       99.800      745.617      902.473
     319.088      101.800      746.133      902.473
     319.589       99.800      746.391      902.473
     320.090       99.800      746.648      902.473
     320.591       99.800      746.906      902.473
     321.091       99.800      747.164      902.473
     321.592       99.800      747.422      902.473
     322.093       99.800      747.680      902.473
     322.594       99.800      747.680      902.473
     323.095       99.900      747.938      902.473
     323.596       99.800      748.195      902.473
     324.096       99.800      748.453      902.473
     324.597       99.800      748.711      902.473
     325.098       99.800      748.969      902.473
     325.599       99.800      749.227      902.473
     326.100      101.800      749.484      902.473
     326.601       99.800      749.484      902.473
     327.102       99.800      749.742      902.473
     327.603       99.800      750.000      902.473
     328.104      101.800      750.258      902.473
     328.605       99.800      750.516      902.473
     329.105       99.800      750.773      902.473
     329.606       99.800      751.031      902.473
     330.107       99.800      751.289      902.473
     330.608       99.800      751.547      902.473
     331.109       99.800      751.547      902.473
     331.610       99.800      751.805      902.473
     332.111       99.800      752.062      902.473
     332.612       99.800      752.320      902.473
     333.113       99.800      752.578      902.473
     333.614       99.800      752.836      902.473
     334.114       99.800      753.094      902.473
     334.615       99.800      753.352      902.473
     335.116      101.800      753.609      902.473
     335.617       99.800      753.609      902.473
     336.118       99.800      753.867      902.473
     336.619       99.800      754.125      902.473
     337.120       99.800      754.383      902.473
     337.621       99.800      754.641      902.473
     338.122       99.800      754.898      902.473
     338.623       99.800      755.156      902.473
     339.123      101.800      755.156      902.473
     339.624       99.800      755.414      902.473
     340.125       99.800      755.672      902.473
     340.626       99.800      755.930      902.473
     341.127       99.800      756.445      902.473
     341.628       99.800      756.703      902.473
     342.129       99.800      756.961      902.473
     342.630       99.800      757.477      902.473
     343.131       99.800      757.734      902.473
     343.632       99.800      757.992      902.473
     344.132       99.800      758.508      902.473
     344.633       99.800      758.766      902.473
     345.134       99.800      759.281      902.473
     345.635       99.800      759.539      902.473
     346.136      101.800      759.797      902.473
     346.637       99.800      760.312      902.473
     347.138       99.800      760.570      902.473
     347.639       99.800      760.828      902.473
     348.140       99.800      761.086      902.473
     348.641       99.800      761.602      902.473
     349.141       99.800      761.859      902.473
     349.642       99.800      762.117      902.473
     350.143       99.800      762.633      902.473
     350.644      101.800      762.891      902.473
     351.145       99.800      763.148      902.473
     351.646       99.800      763.406      902.473
     352.147       99.800      763.922      902.473
     352.648       99.800      764.180      902.473
     353.149       99.800      764.438      902.473
     353.650       99.800      764.695      902.473
     354.150       99.800      765.211      902.473
     354.651       99.800      765.469      902.473
     355.152       99.800      765.727      902.473
     355.653       99.800      765.984      902.473
     356.154       99.800      766.242      902.473
     356.655       99.800      766.758      902.473
     357.156      101.800      767.016      902.473
     357.657       99.800      767.273      902.473
     358.158       99.800      767.789      902.473
     358.659       99.800      768.047      902.473
     359.160       99.800      768.305      902.473
     359.660       99.800      768.562      902.473
     360.161       99.800      768.820      902.473
     360.662       99.800      769.336      902.473
     361.163       99.800      769.594      902.473
     361.664      101.800      769.852      902.473
     362.165       99.800      770.109      902.473
     362.666       99.800      770.625      902.473
     363.167       99.800      770.883      902.473
     363.668       99.800      771.141      902.473
     364.169       99.800      771.398      902.473
     364.669       99.800      771.656      902.473
     365.170       99.800      771.914      902.473
     365.671       99.800      772.430      902.473
     366.172       99.800      772.688      902.473
     366.673       99.800      773.203      902.473
     367.174       99.800      773.719      902.473
     367.675       99.800      773.977      902.473
     368.176       99.800      774.492      902.473
     368.677       99.800      774.750      902.473
     369.177       99.800      775.266      902.473
     369.678       99.800      775.523      902.473
     370.179       99.800      776.039      902.473
     370.680      101.800      776.555      902.473
     371.181       99.800      776.812      902.473
     371.682       99.800      777.070      902.473
     372.183       99.800      777.586      902.473
     372.684       99.800      777.844      902.473
     373.185       99.800      778.359      902.473
     373.686       99.800      778.617      902.473
     374.186       99.800      779.133      902.473
     374.687       99.800      779.391      902.473
     375.188      101.800      779.648      902.473
     375.689       99.800      780.164      902.473
     376.190       99.800      780.422      902.473
     376.691       99.800      780.680      902.473
     377.192       99.800      781.195      902.473
     377.693       99.800      781.453      902.473
     378.194       99.800      781.711      902.473
     378.694       99.800      782.227      902.473
     379.195       99.800      782.484      902.473
     379.696       99.800      782.742      902.473
     380.197       99.800      783.258      902.473
     380.698       99.800      783.516      902.473
     381.199       99.800      783.773      902.473
     381.700      101.800      784.289      902.473
     382.201       99.800      784.547      902.473
     382.702       99.800      784.805      902.473
     383.202       99.800      785.062      902.473
     383.703       99.800      785.320      902.473
     384.204      101.800      785.836      902.473
     384.705       99.800      786.094      902.473
     385.206       99.800      786.352      902.473
     385.707       99.800      786.609      902.473
     386.208       99.800      786.867      902.473
     386.709       99.800      787.125      902.473
     387.210       99.800      787.641      902.473
     387.710       99.800      787.898      902.473
     388.211       99.800      788.156      902.473
     388.712       99.800      788.672      902.473
     389.213       99.800      788.930      902.473
     389.714       99.800      789.188      902.473
     390.215       99.800      789.445      902.473
     390.716      101.800      789.703      902.473
     391.217       99.800      789.961      902.473
     391.718       99.800      790.219      902.473
     392.218       99.800      790.477      902.473
     392.719       99.800      790.734      902.473
     393.220       99.800      790.992      902.473
     393.721       99.800      791.250      902.473
     394.222       99.800      791.508      902.473
     394.723       99.800      791.766      902.473
     395.224      101.800      792.023      902.473
     395.725       99.800      792.281      902.473
     396.226       99.800      792.539      902.473
     396.726       99.800      792.797      902.473
     397.227       99.800      793.055      902.473
     397.728       99.800      793.312      902.473
     398.229       99.800      793.570      902.473
     398.730       99.800      793.828      902.473
     399.231       99.800      793.828      902.473
     399.732       99.800      794.344      902.473
     400.233       99.800      794.344      902.473
     400.734       99.800      794.602      902.473
     401.234       99.800      794.859      902.473
     401.735       99.800      795.117      902.473
     402.236       99.900      795.375      902.473
     402.737       99.800      795.633      902.473
     403.237       99.800      795.891      902.473
     403.738       99.800      796.148      902.473
     404.239       99.800      796.406      902.473
     404.740      101.800      796.664      902.473
     405.241       99.800      796.922      902.473
     405.742       99.800      797.180      902.473
     406.243       99.800      797.438      902.473
     406.744       99.800      797.438      902.473
     407.245       99.800      797.695      902.473
     407.745       99.800      797.953      902.473
     408.246       99.800      798.211      902.473
     408.747       99.800      798.469      902.473
     409.248      101.800      798.727      902.473
     409.749       99.800      798.984      902.473
     410.250       99.800      799.242      902.473
     410.751       99.800      799.500      902.473
     411.252       99.800      799.758      902.473
     411.753       99.800      800.016      902.473
     412.253       99.800      800.273      902.473
     412.754       99.800      800.531      902.473
     413.255       99.800      800.789      902.473
     413.756       99.800      801.047      902.473
     414.257       99.800      801.305      902.473
     414.758       99.800      801.562      902.473
     415.259       99.800      801.820      902.473
     415.760      101.800      802.078      902.473
     416.261       99.800      802.336      902.473
     416.761       99.800      802.594      902.473
     417.262       99.800      802.852      902.473
     417.763       99.800      802.852      902.473
     418.264       99.800      803.109      902.473
     418.765       99.800      803.625      902.473
     419.266       99.800      803.625      902.473
     419.767       99.800      803.883      902.473
     420.268      101.800      804.141      902.473
     420.769       99.800      804.398      902.473
     421.270       99.800      804.656      902.473
     421.770       99.800      804.914      902.473
     422.271       99.800      805.172      902.473
     422.772       99.800      805.430      902.473
     423.273       99.800      805.688      902.473
     423.774       99.800      805.945      902.473
     424.275       99.800      806.203      902.473
     424.776       99.800      806.461      902.473
     425.277       99.800      806.719      902.473
     425.778       99.800      806.977      902.473
     426.278       99.800      807.234      902.473
     426.779      101.800      807.234      902.473
     427.280       99.800      807.492      902.473
     427.781       99.800      807.750      902.473
     428.282       99.800      808.008      902.473
     428.783       99.800      808.266      902.473
     429.284      101.800      808.523      902.473
     429.785       99.800      808.781      902.473
     430.286       99.800      808.781      902.473
     430.787       99.800      809.039      902.473
     431.287       99.800      809.297      902.473
     431.788       99.800      809.555      902.473
     432.289       99.800      809.812      902.473
     432.790       99.800      809.812      902.473
     433.291       99.800      810.070      902.473
     433.792      101.800      810.328      902.473
     434.293       99.800      810.586      902.473
     434.794       99.800      810.844      902.473
     435.295       99.800      811.102      902.473
     435.796       99.800      811.359      902.473
     436.296       99.800      811.359      902.473
     436.797       99.800      811.617      902.473
     437.298       99.800      811.875      902.473
     437.799       99.800      812.133      902.473
     438.300       99.800      812.133      902.473
     438.801       99.800      812.391      902.473
     439.302       99.800      812.648      902.473
     439.803       99.800      812.906      902.473
     440.304      101.800      813.164      902.473
     440.804       99.800      813.164      902.473
     441.305       99.800      813.422      902.473
     441.806       99.800      813.680      902.473
     442.307       99.800      813.938      902.473
     442.808       99.800      814.195      902.473
     443.309       99.800      814.711      902.473
     443.810       99.800      814.969      902.473
     444.311       99.800      815.227      902.473
     444.812      101.800      815.484      902.473
     445.313       99.800      816.000      902.473
     445.813       99.800      816.258      902.473
     446.314       99.800      816.516      902.473
     446.815       99.800      816.773      902.473
     447.316       99.800      817.031      902.473
     447.817       99.800      817.289      902.473
     448.318       99.800      817.805      902.473
     448.819       99.800      818.062      902.473
     449.320       99.800      818.320      902.473
     449.821       99.800      818.578      902.473
     450.322       99.800      818.836      902.473
     450.822       99.800      819.094      902.473
     451.323       99.800      819.352      902.473
     451.824       99.800      819.609      902.473
     452.325       99.800      820.125      902.473
     452.826       99.800      820.383      902.473
     453.327       99.800      820.641      902.473
     453.828      101.800      821.156      902.473
     454.329       99.800      821.672      902.473
     454.830       99.800      821.930      902.473
     455.331       99.800      822.445      902.473
     455.831       99.800      822.961      902.473
     456.332       99.800      823.477      902.473
     456.833       99.800      823.734      902.473
     457.334       99.800      824.250      902.473
     457.835       99.800      824.766      902.473
     458.336      101.800      825.023      902.473
     458.837       99.800      825.539      902.473
     459.338       99.800      826.055      902.473
     459.839       99.800      826.312      902.473
     460.340       99.800      826.828      902.473
     460.840       99.800      827.086      902.473
     461.341       99.800      827.602      902.473
     461.842       99.800      828.117      902.473
     462.343       99.800      828.375      902.473
     462.844       99.800      828.891      902.473
     463.345       99.800      829.406      902.473
     463.846       99.800      829.664      902.473
     464.347       99.800      830.180      902.473
     464.848      101.800      830.695      902.473
     465.349       99.800      830.953      902.473
     465.849       99.800      831.469      902.473
     466.350       99.800      831.727      902.473
     466.851       99.800      832.242      902.473
     467.352       99.800      832.500      902.473
     467.853       99.800      833.016      902.473
     468.354       99.800      833.531      902.473
     468.855       99.800      833.789      902.473
     469.356      101.800      834.305      902.473
     469.857       99.800      834.820      902.473
     470.358       99.800      835.078      902.473
     470.858       99.800      835.594      902.473
     471.359       99.800      835.852      902.473
     471.860       99.800      836.109      902.473
     472.361       99.800      836.625      902.473
     472.862       99.800      836.883      902.473
     473.363       99.800      837.398      902.473
     473.864       99.800      837.656      902.473
     474.365       99.800      837.914      902.473
     474.866       99.800      838.172      902.473
     475.367       99.800      838.430      902.473
     475.867      101.800      838.688      902.473
     476.368       99.800      838.945      902.473
     476.869       99.800      839.203      902.473
     477.370       99.800      839.461      902.473
     477.871       99.800      839.719      902.473
     478.372       99.800      839.977      902.473
     478.873       99.800      840.234      902.473
     479.374       99.800      840.492      902.473
     479.875       99.800      840.750      902.473
     480.375       99.800      841.008      902.473
     480.876       99.800      841.523      902.473
     481.377       99.800      841.523      902.473
     481.878       99.800      842.039      902.473
     482.379       99.800      842.297      902.473
     482.880      101.800      842.555      902.473
     483.381       99.800      842.812      902.473
     483.882       99.800      843.070      902.473
     484.383       99.800      843.328      902.473
     484.884       99.800      843.586      902.473
     485.384      101.800      843.844      902.473
     485.885       99.800      844.102      902.473
     486.386       99.800      844.359      902.473
     486.887       99.800      844.617      902.473
     487.388       99.800      844.875      902.473
     487.889       99.800      845.133      902.473
     488.390       99.800      845.391      902.473
     488.891       99.800      845.648      902.473
     489.392       99.800      845.906      902.473
     489.893       99.800      846.164      902.473
     490.393       99.800      846.422      902.473
     490.894       99.800      846.680      902.473
     491.395       99.800      846.938      902.473
     491.896      101.800      847.195      902.473
     492.397       97.800      847.453      902.473
     492.898       99.800      847.711      902.473
     493.399       99.800      847.969      902.473
     493.900      101.800      848.227      902.473
     494.401       99.700      848.484      902.473
     494.903       99.700      848.484      902.473
     495.404       99.800      848.742      902.473
     495.905       99.800      849.000      902.473
     496.405       99.800      849.258      902.473
     496.906       99.800      849.516      902.473
     497.407       99.800      849.773      902.473
     497.908      101.900      850.031      902.473
     498.409       99.800      850.031      902.473
     498.910       99.800      850.289      902.473
     499.411       99.800      850.547      902.473
     499.912       99.800      850.805      902.473
     500.413       99.800      851.062      902.473
     500.914       99.800      851.320      902.473
     501.414       99.800      851.578      902.473
     501.915       99.800      851.578      902.473
     502.417       99.800      851.836      902.473
     502.917       99.800      852.094      902.473
     503.418       99.800      852.352      902.473
     503.919       99.800      852.609      902.473
     504.420      101.800      852.867      902.473
     504.921       99.800      853.125      902.473
     505.422       99.800      853.383      902.473
     505.923       99.800      853.641      902.473
     506.424       99.800      853.898      902.473
     506.925       99.800      853.898      902.473
     507.426       99.800      854.156      902.473
     507.926       99.800      854.156      902.473
     508.427       99.800      854.414      902.473
     508.928      101.800      854.672      902.473
     509.429       99.800      854.672      902.473
     509.930       99.800      854.930      902.473
     510.431       99.800      854.930      902.473
     510.932       99.800      855.188      902.473
     511.433       99.800      855.445      902.473
     511.934       99.800      855.445      902.473
     512.434       99.800      855.703      902.473
     512.935       99.800      855.961      902.473
     513.436       99.800      856.219      902.473
     513.937       99.800      856.477      902.473
     514.438       99.800      856.734      902.473
     514.939       99.800      856.734      902.473
     515.440      101.800      856.992      902.473
     515.941       99.800      857.250      902.473
     516.443       99.800      857.508      902.473
     516.943      101.800      857.766      902.473
     517.444       99.800      857.766      902.473
     517.946       99.800      858.023      902.473
     518.447       99.800      858.281      902.473
     518.947       99.800      858.539      902.473
     519.448       99.800      858.797      902.473
     519.949       99.800      859.055      902.473
     520.450       99.800      859.312      902.473
     520.951       99.800      859.312      902.473
     521.453       99.800      859.570      902.473
     521.954       99.800      859.828      902.473
     522.454       97.800      860.086      902.473
     522.955      101.800      860.344      902.473
     523.456       99.800      860.602      902.473
     523.957       99.800      860.859      902.473
     524.458       99.800      860.859      902.473
     524.959       99.800      861.117      902.473
     525.460      101.800      861.375      902.473
     525.961       99.800      861.891      902.473
     526.462       99.800      862.148      902.473
     526.963       99.800      862.664      902.473
     527.465       99.700      862.922      902.473
     527.965       99.800      863.180      902.473
     528.466       99.800      863.438      902.473
     528.967       99.800      863.953      902.473
     529.468      101.800      864.211      902.473
     529.969       99.800      864.469      902.473
     530.470       99.800      864.984      902.473
     530.971       99.800      865.242      902.473
     531.472       99.800      865.500      902.473
     531.973       99.800      865.758      902.473
     532.474       99.800      866.016      902.473
     532.974       99.800      866.531      902.473
     533.475       99.800      866.789      902.473
     533.976       99.800      867.047      902.473
     534.477       99.800      867.305      902.473
     534.978       99.800      867.562      902.473
     535.479       99.800      868.078      902.473
     535.980       99.800      868.336      902.473
     536.481       99.800      868.594      902.473
     536.982       99.800      868.852      902.473
     537.483       99.800      869.109      902.473
     537.984      101.800      869.367      902.473
     538.484       99.800      869.883      902.473
     538.985       99.800      870.141      902.473
     539.486       99.800      870.398      902.473
     539.987       99.800      870.656      902.473
     540.488       99.800      870.914      902.473
     540.989       99.800      871.172      902.473
     541.490       99.800      871.430      902.473
     541.991       99.800      871.430      902.473
     542.492      101.800      871.688      902.473
     542.992       99.800      871.945      902.473
     543.493       99.800      872.203      902.473
     543.994       99.800      872.461      902.473
     544.495       99.800      872.461      902.473
     544.996       99.900      872.719      902.473
     545.497       99.700      872.977      902.473
     545.998       99.800      872.977      902.473
     546.499       99.800      873.234      902.473
     547.000       99.800      873.492      902.473
     547.501       99.800      873.492      902.473
     548.002       99.800      873.750      902.473
     548.503      101.800      874.008      902.473
     549.004       99.800      874.008      902.473
     549.505       99.800      874.266      902.473
     550.005       99.800      874.266      902.473
     550.506       99.800      874.523      902.473
     551.007       99.800      874.523      902.473
     551.508       99.800      874.781      902.473
     552.009       99.800      875.039      902.473
     552.510       99.800      875.039      902.473
     553.011       99.800      875.297      902.473
     553.512       99.800      875.555      902.473
     554.013       99.800      875.555      902.473
     554.514      101.800      875.812      902.473
     555.015       99.600      875.812      902.473
     555.517       99.700      876.070      902.473
     556.018       99.800      876.328      902.473
     556.519       99.800      876.328      902.473
     557.020       99.800      876.586      902.473
     557.521       99.800      876.586      902.473
     558.021       99.800      876.844      902.473
     558.522       99.800      877.102      902.473
     559.023       99.800      877.102      902.473
     559.524      101.800      877.359      902.473
     560.025       99.800      877.617      902.473
     560.526       99.800      877.617      902.473
     561.027       99.800      877.875      902.473
     561.528       99.800      877.875      902.473
     562.029       99.800      878.133      902.473
     562.530       99.800      878.391      902.473
     563.030       99.800      878.391      902.473
     563.531       99.800      878.648      902.473
     564.032       99.800      878.648      902.473
     564.533       99.800      878.906      902.473
     565.034       99.800      879.164      902.473
     565.535       99.800      879.164      902.473
     566.036       99.800      879.422      902.473
     566.537       99.800      879.422      902.473
     567.038       99.800      879.680      902.473
     567.538       99.800      879.938      902.473
     568.039       99.800      879.938      902.473
     568.540      101.800      880.195      902.473
     569.041       99.800      880.453      902.473
     569.542       99.800      880.453      902.473
     570.043       99.800      880.711      902.473
     570.544       99.800      880.711      902.473
     571.045       99.800      880.969      902.473
     571.546       99.800      881.227      902.473
     572.047       99.800      881.227      902.473
     572.547       99.800      881.484      902.473
     573.048       99.800      881.742      902.473
     573.549       99.800      881.742      902.473
     574.050       99.800      882.000      902.473
     574.551       99.800      882.258      902.473
     575.052      101.800      882.258      902.473
     575.553       99.800      882.516      902.473
     576.054       99.800      882.516      902.473
     576.555       99.800      882.773      902.473
     577.055       99.800      883.031      902.473
     577.556       99.800      883.031      902.473
     578.057       99.800      883.289      902.473
     578.558       99.800      883.289      902.473
     579.059       99.800      883.547      902.473
     579.560      101.800      883.805      902.473
     580.061       99.800      883.805      902.473
     580.562       99.800      884.062      902.473
     581.063       99.800      884.062      902.473
     581.563       99.800      884.320      902.473
     582.064       99.800      884.320      902.473
     582.565       99.800      884.578      902.473
     583.066       99.800      884.836      902.473
     583.567       99.800      884.836      902.473
     584.068       99.800      885.094      902.473
     584.569       99.800      885.352      902.473
     585.070       99.800      885.352      902.473
     585.571      101.800      885.609      902.473
     586.072       99.800      885.609      902.473
     586.572       99.800      885.867      902.473
     587.073       99.800      886.125      902.473
     587.574       99.800      886.125      902.473
     588.075       99.800      886.383      902.473
     588.576      101.800      886.641      902.473
     589.077       99.800      886.641      902.473
     589.578       99.800      886.898      902.473
     590.079       99.800      886.898      902.473
     590.579       99.800      887.156      902.473
     591.080       99.800      887.414      902.473
     591.581       99.800      887.414      902.473
     592.082       99.800      887.672      902.473
     592.583       99.800      887.672      902.473
     593.084       99.800      887.930      902.473
     593.585       99.800      887.930      902.473
     594.086       99.800      888.188      902.473
     594.587       99.800      888.188      902.473
     595.088      101.800      888.445      902.473
     595.588       99.800      888.703      902.473
     596.089       99.800      888.703      902.473
     596.590       99.800      888.961      902.473
     597.091      101.800      888.961      902.473
     597.592       99.800      889.219      902.473
     598.093       99.800      889.219      902.473
     598.594       97.800      889.477      902.473
     599.095       99.800      889.477      902.473
     599.596      101.800      889.734      902.473
     600.097       99.800      889.992      902.473
     600.598       99.800      890.250      902.473
     601.099       99.800      890.508      902.473
     601.600       99.800      890.508      902.473
     602.101       99.800      890.508      902.473
     602.602       99.800      890.508      902.473
     603.103       99.800      890.508      902.473
     603.604      101.800      890.508      902.473
     604.105       99.800      890.508      902.473
     604.605       99.800      890.766      902.473
     605.106       99.800      890.766      902.473
     605.607       99.800      890.766      902.473
     606.108       99.800      890.766      902.473
     606.609       99.800      890.766      902.473
     607.110       99.800      890.766      902.473
     607.611       99.800      890.766      902.473
     608.112       99.800      890.766      902.473
     608.613       99.800      891.023      902.473
     609.114       99.800      891.023      902.473
     609.614       99.800      891.023      902.473
     610.115      101.800      891.023      902.473
     610.616       99.800      891.023      902.473
     611.117       99.800      891.023      902.473
     611.618       99.800      891.023      902.473
     612.119       99.800      891.023      902.473
     612.620       99.800      891.023      902.473
     613.121       99.800      891.281      902.473
     613.622       99.800      891.281      902.473
     614.123       99.800      891.281      902.473
     614.623       99.800      891.281      902.473
     615.124       99.800      891.281      902.473
     615.625       99.800      891.281      902.473
     616.126       99.800      891.281      902.473
     616.627       99.800      891.281      902.473
     617.128       99.800      891.281      902.473
     617.629       99.800      891.281      902.473
     618.130       99.800      891.281      902.473
     618.631       99.800      891.281      902.473
     619.131      101.800      891.539      902.473
     619.632       99.800      891.539      902.473
     620.133       99.800      891.539      902.473
     620.634       99.800      891.539      902.473
     621.135       99.800      891.539      902.473
     621.636       99.800      891.539      902.473
     622.137       99.800      891.539      902.473
     622.638       99.800      891.539      902.473
     623.139       99.800      891.539      902.473
     623.639       99.800      891.539      902.473
     624.140      101.800      891.539      902.473
     624.641       99.800      891.539      902.473
     625.142       99.800      891.539      902.473
     625.643       99.800      891.539      902.473
     626.144       99.800      891.539      902.473
     626.645       99.800      891.797      902.473
     627.146       99.800      891.797      902.473
     627.646       99.800      891.797      902.473
     628.147       99.800      891.797      902.473
     628.648       99.800      891.797      902.473
     629.149       99.800      891.797      902.473
     629.650       99.800      891.797      902.473
     630.151       99.800      891.797      902.473
     630.652      101.800      891.797      902.473
     631.153       99.800      891.797      902.473
     631.654       99.800      891.797      902.473
     632.154       99.800      891.797      902.473
     632.655       99.800      891.797      902.473
     633.156       99.800      891.797      902.473
     633.657       99.800      891.797      902.473
     634.158       99.800      891.797      902.473
     634.659       99.800      891.797      902.473
     635.160      101.800      891.797      902.473
     635.661       99.800      891.797      902.473
     636.162       99.800      891.797      902.473
     636.662       99.800      891.797      902.473
     637.163       99.800      891.797      902.473
     637.664       99.800      891.797      902.473
     638.165       99.800      891.797      902.473
     638.666       99.800      891.797      902.473
     639.167       99.800      891.797      902.473
     639.668       99.800      891.797      902.473
     640.169       99.800      891.797      902.473
     640.670       99.800      891.797      902.473
     641.170       99.800      891.797      902.473
     641.671       99.800      891.797      902.473
     642.172      101.800      891.797      902.473
     642.673       99.800      891.797      902.473
     643.174       99.800      891.797      902.473
     643.675       99.800      891.797      902.473
     644.176       99.800      891.797      902.473
     644.677       99.800      891.797      902.473
     645.177       99.800      891.797      902.473
     645.678       99.800      891.797      902.473
     646.179       99.800      891.797      902.473
     646.680      101.800      892.055      902.473
     647.181       99.800      892.055      902.473
     647.682       99.800      892.055      902.473
     648.183       99.800      892.055      902.473
     648.684       99.800      892.055      902.473
     649.185       99.800      892.055      902.473
     649.685       99.800      892.055      902.473
     650.186       99.800      892.055      902.473
     650.687       99.800      892.055      902.473
     651.188       99.800      892.055      902.473
     651.689       99.800      892.055      902.473
     652.190       99.800      892.055      902.473
     652.691       99.800      740.586      902.473
