# Elapsed time   CPU (%)     Real (MB)   Virtual (MB)
       0.000        0.000        1.852       13.836
       0.051        0.000        1.852       13.836
       0.101        0.000        1.852       13.836
       0.153        0.000        1.852       13.836
       0.204        0.000        1.852       13.836
       0.255        0.000        1.852       13.836
       0.306        0.000        1.852       13.836
       0.357        0.000        1.852       13.836
       0.407        0.000        1.852       13.836
       0.458        0.000        1.852       13.836
       0.510        0.000        1.852       13.836
       0.560        0.000        1.852       13.836
       0.611        0.000        1.852       13.836
       0.662        0.000        1.852       13.836
       0.713        0.000        1.852       13.836
       0.764        0.000        1.852       13.836
       0.815        0.000        1.852       13.836
       0.867        0.000        1.852       13.836
       0.918        0.000        1.852       13.836
       0.969        0.000        1.852       13.836
       1.020        0.000        1.852       13.836
       1.072        0.000        1.852       13.836
       1.122        0.000        1.852       13.836
       1.174        0.000        1.852       13.836
       1.225        0.000        1.852       13.836
       1.276        0.000        1.852       13.836
       1.327        0.000        1.852       13.836
       1.378        0.000        1.852       13.836
       1.429        0.000        1.852       13.836
       1.480        0.000        1.852       13.836
       1.532        0.000        1.852       13.836
       1.583        0.000        1.852       13.836
       1.634        0.000        1.852       13.836
       1.685        0.000        1.852       13.836
       1.737        0.000        1.852       13.836
       1.788        0.000        1.852       13.836
       1.839        0.000        1.852       13.836
       1.891        0.000        1.852       13.836
       1.942        0.000        1.852       13.836
       1.993        0.000        1.852       13.836
       2.045        0.000        1.852       13.836
       2.096        0.000        1.852       13.836
       2.148        0.000        1.852       13.836
       2.199        0.000        1.852       13.836
       2.250        0.000        1.852       13.836
       2.301       19.700        3.566       14.680
       2.351       99.300        4.004       15.555
       2.402       79.500        8.266       18.996
       2.452      119.100        5.789       18.055
       2.502       79.600        7.078       18.055
