# Elapsed time   CPU (%)     Real (MB)   Virtual (MB)
       0.000        0.000        1.766       13.836
       0.051        0.000        1.766       13.836
       0.101        0.000        1.766       13.836
       0.152        0.000        1.766       13.836
       0.203        0.000        1.766       13.836
       0.254        0.000        1.766       13.836
       0.306        0.000        1.766       13.836
       0.357        0.000        1.766       13.836
       0.408        0.000        1.766       13.836
       0.458        0.000        1.766       13.836
       0.509        0.000        1.766       13.836
       0.560        0.000        1.766       13.836
       0.611        0.000        1.766       13.836
       0.662        0.000        1.766       13.836
       0.713        0.000        1.766       13.836
       0.764        0.000        1.766       13.836
       0.815        0.000        1.766       13.836
       0.866        0.000        1.766       13.836
       0.917        0.000        1.766       13.836
       0.969        0.000        1.766       13.836
       1.020        0.000        1.766       13.836
       1.071        0.000        1.766       13.836
       1.122        0.000        1.766       13.836
       1.173        0.000        1.766       13.836
       1.224        0.000        1.766       13.836
       1.275        0.000        1.766       13.836
       1.327        0.000        1.766       13.836
       1.378        0.000        1.766       13.836
       1.429        0.000        1.766       13.836
       1.481        0.000        1.766       13.836
       1.532        0.000        1.766       13.836
       1.584        0.000        1.766       13.836
       1.635        0.000        1.766       13.836
       1.686        0.000        1.766       13.836
       1.737        0.000        1.766       13.836
       1.789        0.000        1.766       13.836
       1.840        0.000        1.766       13.836
       1.891        0.000        1.766       13.836
       1.942        0.000        1.766       13.836
       1.993        0.000        1.766       13.836
       2.045        0.000        1.766       13.836
       2.096        0.000        1.766       13.836
       2.147        0.000        1.766       13.836
       2.198        0.000        1.766       13.836
       2.249        0.000        1.766       13.836
       2.301        0.000        1.766       13.836
       2.352        0.000        1.766       13.836
       2.403        0.000        1.766       13.836
       2.455        0.000        1.766       13.836
       2.506        0.000        1.766       13.836
       2.558        0.000        1.766       13.836
       2.609        0.000        1.766       13.836
       2.660        0.000        1.766       13.836
       2.712        0.000        1.766       13.836
       2.763       19.600        3.398       14.582
       2.814       79.000        3.715       15.055
       2.864      119.200        4.617       15.980
       2.914       99.400        5.492       15.980
       2.965       99.400        6.520       18.055
