# Elapsed time   CPU (%)     Real (MB)   Virtual (MB)
       0.000        0.000        1.852       13.836
       0.051        0.000        1.852       13.836
       0.102        0.000        1.852       13.836
       0.153        0.000        1.852       13.836
       0.204        0.000        1.852       13.836
       0.255        0.000        1.852       13.836
       0.306        0.000        1.852       13.836
       0.357        0.000        1.852       13.836
       0.408        0.000        1.852       13.836
       0.460        0.000        1.852       13.836
       0.510        0.000        1.852       13.836
       0.562        0.000        1.852       13.836
       0.613        0.000        1.852       13.836
       0.664        0.000        1.852       13.836
       0.715        0.000        1.852       13.836
       0.766        0.000        1.852       13.836
       0.818        0.000        1.852       13.836
       0.869        0.000        1.852       13.836
       0.919        0.000        1.852       13.836
       0.970        0.000        1.852       13.836
       1.022        0.000        1.852       13.836
       1.074        0.000        1.852       13.836
       1.125        0.000        1.852       13.836
       1.176        0.000        1.852       13.836
       1.228        0.000        1.852       13.836
       1.279        0.000        1.852       13.836
       1.331        0.000        1.852       13.836
       1.382        0.000        1.852       13.836
       1.434        0.000        1.852       13.836
       1.485        0.000        1.852       13.836
       1.536        0.000        1.852       13.836
       1.587        0.000        1.852       13.836
       1.638        0.000        1.852       13.836
       1.689        0.000        1.852       13.836
       1.740        0.000        1.852       13.836
       1.791        0.000        1.852       13.836
       1.842        0.000        1.852       13.836
       1.893        0.000        1.852       13.836
       1.944        0.000        1.852       13.836
       1.996        0.000        1.852       13.836
       2.047        0.000        1.852       13.836
       2.099        0.000        1.852       13.836
       2.150        0.000        1.852       13.836
       2.201        0.000        1.852       13.836
       2.252       19.700        3.613       14.805
       2.303       99.200        4.242       15.555
       2.353       99.400        5.578       15.980
       2.403       99.500        6.090       18.055
       2.453       99.500        7.121       18.055
