# Elapsed time   CPU (%)     Real (MB)   Virtual (MB)
       0.000        0.000        1.781       13.836
       0.051        0.000        1.781       13.836
       0.101        0.000        1.781       13.836
       0.153        0.000        1.781       13.836
       0.204        0.000        1.781       13.836
       0.255        0.000        1.781       13.836
       0.307        0.000        1.781       13.836
       0.358        0.000        1.781       13.836
       0.409        0.000        1.781       13.836
       0.460        0.000        1.781       13.836
       0.512        0.000        1.781       13.836
       0.563        0.000        1.781       13.836
       0.614        0.000        1.781       13.836
       0.665        0.000        1.781       13.836
       0.716        0.000        1.781       13.836
       0.767        0.000        1.781       13.836
       0.818        0.000        1.781       13.836
       0.870        0.000        1.781       13.836
       0.921        0.000        1.781       13.836
       0.972        0.000        1.781       13.836
       1.023        0.000        1.781       13.836
       1.074        0.000        1.781       13.836
       1.124        0.000        1.781       13.836
       1.176        0.000        1.781       13.836
       1.227        0.000        1.781       13.836
       1.278        0.000        1.781       13.836
       1.329        0.000        1.781       13.836
       1.380        0.000        1.781       13.836
       1.431        0.000        1.781       13.836
       1.482        0.000        1.781       13.836
       1.533        0.000        1.781       13.836
       1.584        0.000        1.781       13.836
       1.635        0.000        1.781       13.836
       1.686        0.000        1.781       13.836
       1.737        0.000        1.781       13.836
       1.788        0.000        1.781       13.836
       1.839        0.000        1.781       13.836
       1.891        0.000        1.781       13.836
       1.941        0.000        1.781       13.836
       1.992        0.000        1.781       13.836
       2.044        0.000        1.781       13.836
       2.095        0.000        1.781       13.836
       2.146        0.000        1.781       13.836
       2.197        0.000        1.781       13.836
       2.248        0.000        1.781       13.836
       2.300        0.000        1.781       13.836
       2.351        0.000        1.781       13.836
       2.401        0.000        1.781       13.836
       2.452        0.000        1.781       13.836
       2.503        0.000        1.781       13.836
       2.555        0.000        1.781       13.836
       2.606        0.000        1.781       13.836
       2.658        0.000        1.781       13.836
       2.709        0.000        1.781       13.836
       2.760        0.000        1.781       13.836
       2.812        0.000        1.781       13.836
       2.863       19.700        3.562       14.805
       2.913       99.200        4.191       15.555
       2.963       99.300        5.516       15.980
       3.014       99.400        6.027       18.055
       3.064       99.500        7.316       18.055
