# Elapsed time   CPU (%)     Real (MB)   Virtual (MB)
       0.000        0.000        1.918       13.836
       0.051        0.000        1.918       13.836
       0.101        0.000        1.918       13.836
       0.153        0.000        1.918       13.836
       0.204        0.000        1.918       13.836
       0.255        0.000        1.918       13.836
       0.306        0.000        1.918       13.836
       0.357        0.000        1.918       13.836
       0.409        0.000        1.918       13.836
       0.460        0.000        1.918       13.836
       0.512        0.000        1.918       13.836
       0.563        0.000        1.918       13.836
       0.614        0.000        1.918       13.836
       0.664        0.000        1.918       13.836
       0.715        0.000        1.918       13.836
       0.766        0.000        1.918       13.836
       0.817        0.000        1.918       13.836
       0.868        0.000        1.918       13.836
       0.919        0.000        1.918       13.836
       0.971        0.000        1.918       13.836
       1.022        0.000        1.918       13.836
       1.073        0.000        1.918       13.836
       1.124        0.000        1.918       13.836
       1.175        0.000        1.918       13.836
       1.226        0.000        1.918       13.836
       1.278        0.000        1.918       13.836
       1.329        0.000        1.918       13.836
       1.380        0.000        1.918       13.836
       1.431        0.000        1.918       13.836
       1.482        0.000        1.918       13.836
       1.534        0.000        1.918       13.836
       1.585        0.000        1.918       13.836
       1.637        0.000        1.918       13.836
       1.688        0.000        1.918       13.836
       1.739        0.000        1.918       13.836
       1.790        0.000        1.918       13.836
       1.842        0.000        1.918       13.836
       1.894        0.000        1.918       13.836
       1.945        0.000        1.918       13.836
       1.996        0.000        1.918       13.836
       2.047        0.000        1.918       13.836
       2.099        0.000        1.918       13.836
       2.149        0.000        1.918       13.836
       2.200        0.000        1.918       13.836
       2.251        0.000        1.918       13.836
       2.302        0.000        1.918       13.836
       2.353        0.000        1.918       13.836
       2.405        0.000        1.918       13.836
       2.456        0.000        1.918       13.836
       2.508        0.000        1.918       13.836
       2.559        0.000        1.918       13.836
       2.610        0.000        1.918       13.836
       2.662        0.000        1.918       13.836
       2.712        0.000        1.918       13.836
       2.763        0.000        1.918       13.836
       2.814        0.000        1.918       13.836
       2.865        0.000        1.918       13.836
       2.916        0.000        1.918       13.836
       2.968        0.000        1.918       13.836
       3.019        0.000        1.918       13.836
       3.071        0.000        1.918       13.836
       3.122        0.000        1.918       13.836
       3.173        0.000        1.918       13.836
       3.225        0.000        1.918       13.836
       3.276        0.000        1.918       13.836
       3.327        0.000        1.918       13.836
       3.378        0.000        1.918       13.836
       3.430        0.000        1.918       13.836
       3.481        0.000        1.918       13.836
       3.532        0.000        1.918       13.836
       3.584        0.000        1.918       13.836
       3.635        0.000        1.918       13.836
       3.686        0.000        1.918       13.836
       3.737        0.000        1.918       13.836
       3.788        0.000        1.918       13.836
       3.839        0.000        1.918       13.836
       3.891        0.000        1.918       13.836
       3.942        0.000        1.918       13.836
       3.994        0.000        1.918       13.836
       4.045        0.000        1.918       13.836
       4.096        0.000        1.918       13.836
       4.147        0.000        1.918       13.836
       4.199        0.000        1.918       13.836
       4.251        0.000        1.918       13.836
       4.302        0.000        1.918       13.836
       4.354        0.000        1.918       13.836
       4.405        0.000        1.918       13.836
       4.456        0.000        1.918       13.836
       4.508        0.000        1.918       13.836
       4.559        0.000        1.918       13.836
       4.610        0.000        1.918       13.836
       4.661        0.000        1.918       13.836
       4.713        0.000        1.918       13.836
       4.764        0.000        1.918       13.836
       4.815        0.000        1.918       13.836
       4.867        0.000        1.918       13.836
       4.918        0.000        1.918       13.836
       4.969        0.000        1.918       13.836
       5.020        0.000        1.918       13.836
       5.071        0.000        1.918       13.836
       5.122        0.000        1.918       13.836
       5.174        0.000        1.918       13.836
       5.225        0.000        1.918       13.836
       5.275        0.000        1.918       13.836
       5.326        0.000        1.918       13.836
       5.378        0.000        1.918       13.836
       5.429        0.000        1.918       13.836
       5.480        0.000        1.918       13.836
       5.531        0.000        1.918       13.836
       5.583        0.000        1.918       13.836
       5.634        0.000        1.918       13.836
       5.686        0.000        1.918       13.836
       5.737        0.000        1.918       13.836
       5.788        0.000        1.918       13.836
       5.839        0.000        1.918       13.836
       5.890        0.000        1.918       13.836
       5.942        0.000        1.918       13.836
       5.993        0.000        1.918       13.836
       6.044        0.000        1.918       13.836
       6.096        0.000        1.918       13.836
       6.147        0.000        1.918       13.836
       6.199        0.000        1.918       13.836
       6.250       39.300        3.930       16.840
       6.301       99.200        4.559       17.590
       6.351       99.500        5.574       18.590
       6.401       99.500        6.316       20.590
       6.451       99.400        7.605       23.871
       6.502       99.400       11.730       26.215
       6.552       99.400        8.980       23.293
       6.602       99.400       15.473       27.043
       6.653       99.400       23.465       34.793
       6.703       79.500       12.910       23.293
       6.753      119.200       12.910       23.293
       6.803       79.600       12.910       23.293
       6.854      119.300       12.910       23.293
       6.904       99.400       12.910       23.293
       6.954       99.500       12.910       23.293
       7.005       99.500       12.910       23.293
       7.055       99.500       14.453       49.707
       7.105       99.500       16.773       49.707
       7.155       99.500       19.352       49.707
       7.206       99.500       21.672       49.707
       7.256       99.400       24.508       49.707
       7.306       99.500       25.539       49.707
       7.356       99.500       27.086       49.707
       7.407       99.500       29.664       49.707
       7.457       99.300       32.242       49.707
       7.507       99.400       33.273       49.707
       7.558       99.400       33.789       49.707
       7.608       99.400       34.047       49.707
       7.658       99.400       34.305       49.707
       7.709       99.400       34.562       49.707
       7.759       99.400       35.078       49.707
       7.809       99.400       35.336       49.707
       7.860       99.400       36.625       49.707
       7.910       99.400       36.883       49.707
       7.960       99.300       37.141       49.707
       8.010       99.400       37.398       49.707
       8.061       99.400       37.656       49.707
       8.111       99.400       37.656       49.707
       8.161       99.400       37.914       49.707
       8.212      119.300       37.914       49.707
       8.262       79.500       38.172       49.707
       8.312      119.200       38.172       49.707
       8.363       79.500       38.172       49.707
       8.413      119.300       38.430       49.707
       8.463       79.500       38.430       49.707
       8.514      119.300       38.430       49.707
       8.564       99.400       38.688       49.707
       8.614       99.400       38.688       49.707
       8.665       99.300       38.688       49.707
       8.715       99.400       38.688       49.707
       8.765       99.400       38.688       49.707
       8.815       99.300       38.688       49.707
       8.866       99.300       38.945       49.707
       8.916       99.300       38.945       49.707
       8.967       99.300       38.945       49.707
       9.017       99.400       38.945       49.707
       9.067       99.400       38.945       49.707
       9.118       99.400       38.945       49.707
       9.168       99.500       38.945       49.707
       9.218       99.400       38.945       49.707
       9.268       99.300       38.945       49.707
       9.319       99.400       38.945       49.707
       9.369       99.400       38.945       49.707
       9.419       99.400       38.945       49.707
       9.470       99.500       39.262       49.707
       9.520       99.400       39.262       49.707
       9.570       99.400       39.262       49.707
