# Elapsed time   CPU (%)     Real (MB)   Virtual (MB)
       0.000        0.000        1.852       13.836
       0.051        0.000        1.852       13.836
       0.101        0.000        1.852       13.836
       0.153        0.000        1.852       13.836
       0.204        0.000        1.852       13.836
       0.255        0.000        1.852       13.836
       0.307        0.000        1.852       13.836
       0.358        0.000        1.852       13.836
       0.410        0.000        1.852       13.836
       0.461        0.000        1.852       13.836
       0.512        0.000        1.852       13.836
       0.563        0.000        1.852       13.836
       0.614        0.000        1.852       13.836
       0.665        0.000        1.852       13.836
       0.716        0.000        1.852       13.836
       0.767        0.000        1.852       13.836
       0.818        0.000        1.852       13.836
       0.869        0.000        1.852       13.836
       0.921        0.000        1.852       13.836
       0.972        0.000        1.852       13.836
       1.023        0.000        1.852       13.836
       1.074        0.000        1.852       13.836
       1.125        0.000        1.852       13.836
       1.176        0.000        1.852       13.836
       1.228        0.000        1.852       13.836
       1.279        0.000        1.852       13.836
       1.329        0.000        1.852       13.836
       1.380        0.000        1.852       13.836
       1.431        0.000        1.852       13.836
       1.482        0.000        1.852       13.836
       1.533        0.000        1.852       13.836
       1.585        0.000        1.852       13.836
       1.636        0.000        1.852       13.836
       1.688        0.000        1.852       13.836
       1.739        0.000        1.852       13.836
       1.789        0.000        1.852       13.836
       1.841        0.000        1.852       13.836
       1.892        0.000        1.852       13.836
       1.943        0.000        1.852       13.836
       1.994        0.000        1.852       13.836
       2.046        0.000        1.852       13.836
       2.096        0.000        1.852       13.836
       2.147        0.000        1.852       13.836
       2.199        0.000        1.852       13.836
       2.250        0.000        1.852       13.836
       2.301        0.000        1.852       13.836
       2.352       19.700        3.895       16.715
       2.403       79.400        4.332       17.590
       2.453      119.300        5.086       18.590
       2.503       79.600        5.832       20.590
       2.553       99.500        6.859       20.590
       2.604       99.600       10.211       24.184
       2.654       99.500        9.008       19.543
       2.704       99.400       12.613       23.293
       2.754       99.400       18.027       28.918
       2.805       99.300       24.215       34.793
       2.855       99.500       12.883       23.293
       2.905       99.400       12.883       23.293
       2.956       99.400       12.883       23.293
       3.006       99.400       12.883       23.293
       3.056       99.500       12.883       23.293
       3.106       99.500       12.883       23.293
       3.157       99.500       12.883       23.293
       3.207       99.500       16.230       49.707
       3.257       99.400       18.035       49.707
       3.307       99.500       21.129       49.707
       3.358       99.500       22.934       49.707
       3.408       99.400       24.996       49.707
       3.458       99.300       25.512       49.707
       3.509      119.300       27.574       49.707
       3.559       99.500       29.895       49.707
       3.609       99.400       32.473       49.707
       3.660       99.400       33.246       49.707
       3.710       99.300       33.762       49.707
       3.760       99.400       34.020       49.707
       3.811       99.400       34.277       49.707
       3.861       99.400       34.535       49.707
       3.911       99.400       34.793       49.707
       3.961       99.400       35.051       49.707
       4.012       99.300       35.309       49.707
       4.062       99.300       36.855       49.707
       4.112       99.300       37.113       49.707
       4.163      119.100       37.113       49.707
       4.213       79.500       37.371       49.707
       4.264      119.200       37.629       49.707
       4.314       79.500       37.629       49.707
       4.364      119.200       37.887       49.707
       4.414       79.500       37.887       49.707
       4.465      119.200       37.887       49.707
       4.515       99.300       38.145       49.707
       4.565       99.500       38.145       49.707
       4.616       99.300       38.402       49.707
       4.666       99.300       38.402       49.707
       4.716       99.400       38.402       49.707
       4.767       99.400       38.402       49.707
       4.817       99.300       38.660       49.707
       4.867       99.300       38.660       49.707
       4.918       99.400       38.660       49.707
       4.968       99.300       38.660       49.707
       5.018       99.400       38.660       49.707
       5.069       99.300       38.660       49.707
       5.119       99.300       38.918       49.707
       5.169       99.200       38.918       49.707
       5.220       99.300       38.918       49.707
       5.270       99.400       38.918       49.707
       5.320       99.300       38.918       49.707
       5.371       99.300       38.918       49.707
       5.421       99.300       38.918       49.707
       5.471       99.400       38.918       49.707
       5.522       99.400       38.918       49.707
       5.572       99.300       38.918       49.707
       5.622       99.400       38.918       49.707
       5.673       99.400       38.918       49.707
       5.723      119.500       38.918       49.707
       5.773       79.600       38.918       49.707
       5.823      119.300       38.918       49.707
       5.874       79.500       38.918       49.707
