# Elapsed time   CPU (%)     Real (MB)   Virtual (MB)
       0.000        0.000        1.875       13.840
       0.051        0.000        1.875       13.840
       0.101        0.000        1.875       13.840
       0.153        0.000        1.875       13.840
       0.204        0.000        1.875       13.840
       0.255        0.000        1.875       13.840
       0.307        0.000        1.875       13.840
       0.358        0.000        1.875       13.840
       0.410        0.000        1.875       13.840
       0.461        0.000        1.875       13.840
       0.513        0.000        1.875       13.840
       0.564        0.000        1.875       13.840
       0.614        0.000        1.875       13.840
       0.666        0.000        1.875       13.840
       0.717        0.000        1.875       13.840
       0.769        0.000        1.875       13.840
       0.820        0.000        1.875       13.840
       0.871        0.000        1.875       13.840
       0.922        0.000        1.875       13.840
       0.973        0.000        1.875       13.840
       1.024        0.000        1.875       13.840
       1.076        0.000        1.875       13.840
       1.127        0.000        1.875       13.840
       1.178        0.000        1.875       13.840
       1.229        0.000        1.875       13.840
       1.281        0.000        1.875       13.840
       1.332        0.000        1.875       13.840
       1.383        0.000        1.875       13.840
       1.434        0.000        1.875       13.840
       1.485        0.000        1.875       13.840
       1.536        0.000        1.875       13.840
       1.587        0.000        1.875       13.840
       1.638        0.000        1.875       13.840
       1.689        0.000        1.875       13.840
       1.740        0.000        1.875       13.840
       1.791        0.000        1.875       13.840
       1.842        0.000        1.875       13.840
       1.893        0.000        1.875       13.840
       1.944        0.000        1.875       13.840
       1.995        0.000        1.875       13.840
       2.046        0.000        1.875       13.840
       2.098        0.000        1.875       13.840
       2.148        0.000        1.875       13.840
       2.199        0.000        1.875       13.840
       2.250        0.000        1.875       13.840
       2.301        0.000        1.875       13.840
       2.352        0.000        1.875       13.840
       2.402        0.000        1.875       13.840
       2.453        0.000        1.875       13.840
       2.504        0.000        1.875       13.840
       2.556        0.000        1.875       13.840
       2.607        0.000        1.875       13.840
       2.659        0.000        1.875       13.840
       2.710        0.000        1.875       13.840
       2.762        0.000        1.875       13.840
       2.813        0.000        1.875       13.840
       2.864        0.000        1.875       13.840
       2.915        0.000        1.875       13.840
       2.966        0.000        1.875       13.840
       3.017        0.000        1.875       13.840
       3.068        0.000        1.875       13.840
       3.120        0.000        1.875       13.840
       3.171        0.000        1.875       13.840
       3.222        0.000        1.875       13.840
       3.273        0.000        1.875       13.840
       3.324        0.000        1.875       13.840
       3.375        0.000        1.875       13.840
       3.427        0.000        1.875       13.840
       3.478        0.000        1.875       13.840
       3.530        0.000        1.875       13.840
       3.581        0.000        1.875       13.840
       3.632       78.900        4.426       17.594
       3.682       99.400        5.180       18.594
       3.732       99.500        5.926       20.594
       3.782       99.500        6.695       20.594
       3.833       99.400       10.305       24.188
       3.883       99.400        9.102       19.547
       3.933       99.400       11.160       23.297
       3.984       99.400       16.574       27.047
       4.034       99.400       24.051       34.797
       4.084       99.300       12.977       23.297
       4.135       99.400       12.977       23.297
       4.185       99.600       12.977       23.297
       4.235       99.300       12.977       23.297
       4.285       99.500       12.977       23.297
       4.336       99.500       12.977       23.297
       4.386       99.500       12.977       23.297
       4.436       99.500       14.777       49.711
       4.486       99.500       17.098       49.711
       4.537      119.400       19.676       49.711
       4.587       79.500       21.996       49.711
       4.637      119.300       24.574       49.711
       4.687       79.600       25.605       49.711
       4.738      119.400       26.895       49.711
       4.788       79.600       29.730       49.711
       4.838       99.400       32.051       49.711
       4.889       99.300       33.082       49.711
       4.939       99.500       33.855       49.711
       4.989       99.500       34.113       49.711
       5.039       99.400       34.371       49.711
       5.090       99.400       34.629       49.711
       5.140       99.500       34.887       49.711
       5.190       99.400       35.145       49.711
       5.241      119.300       35.402       49.711
       5.291       79.500       36.949       49.711
       5.341      119.300       37.207       49.711
       5.391       79.500       37.207       49.711
       5.442      119.200       37.465       49.711
       5.492       79.500       37.723       49.711
       5.542      119.400       37.723       49.711
       5.593       99.600       37.980       49.711
       5.643       99.400       37.980       49.711
       5.693       99.400       38.238       49.711
       5.743       99.500       38.238       49.711
       5.794       99.300       38.496       49.711
       5.844       99.400       38.496       49.711
       5.894       99.400       38.496       49.711
       5.945       99.400       38.496       49.711
       5.995       99.300       38.754       49.711
       6.045       99.300       38.754       49.711
       6.096       99.400       38.754       49.711
       6.146       99.300       38.754       49.711
       6.196       99.300       38.754       49.711
       6.247       99.200       38.754       49.711
       6.297       99.300       39.012       49.711
       6.347       99.300       39.012       49.711
       6.398       99.300       39.012       49.711
       6.448       99.300       39.012       49.711
       6.498       99.300       39.012       49.711
       6.549       99.300       39.012       49.711
       6.599      119.200       39.012       49.711
       6.649       99.400       39.012       49.711
       6.700       99.300       39.012       49.711
       6.750       99.500       39.012       49.711
       6.800       99.300       39.012       49.711
       6.851       99.200       39.012       49.711
       6.901       99.200       39.012       49.711
       6.951       99.500       39.328       49.711
       7.002       99.300       39.328       49.711
       7.052       99.400       39.328       49.711
