# Elapsed time   CPU (%)     Real (MB)   Virtual (MB)
       0.000        0.000        1.988       13.836
       0.051        0.000        1.988       13.836
       0.102        0.000        1.988       13.836
       0.153        0.000        1.988       13.836
       0.204        0.000        1.988       13.836
       0.255        0.000        1.988       13.836
       0.307        0.000        1.988       13.836
       0.359        0.000        1.988       13.836
       0.410        0.000        1.988       13.836
       0.462        0.000        1.988       13.836
       0.513        0.000        1.988       13.836
       0.565        0.000        1.988       13.836
       0.616        0.000        1.988       13.836
       0.667        0.000        1.988       13.836
       0.717        0.000        1.988       13.836
       0.769        0.000        1.988       13.836
       0.820        0.000        1.988       13.836
       0.871        0.000        1.988       13.836
       0.922        0.000        1.988       13.836
       0.972        0.000        1.988       13.836
       1.023        0.000        1.988       13.836
       1.074        0.000        1.988       13.836
       1.125        0.000        1.988       13.836
       1.176        0.000        1.988       13.836
       1.227        0.000        1.988       13.836
       1.278        0.000        1.988       13.836
       1.329        0.000        1.988       13.836
       1.380        0.000        1.988       13.836
       1.431        0.000        1.988       13.836
       1.482        0.000        1.988       13.836
       1.533        0.000        1.988       13.836
       1.584        0.000        1.988       13.836
       1.635        0.000        1.988       13.836
       1.686        0.000        1.988       13.836
       1.737        0.000        1.988       13.836
       1.788        0.000        1.988       13.836
       1.840        0.000        1.988       13.836
       1.891        0.000        1.988       13.836
       1.942        0.000        1.988       13.836
       1.994        0.000        1.988       13.836
       2.045        0.000        1.988       13.836
       2.096        0.000        1.988       13.836
       2.147        0.000        1.988       13.836
       2.199        0.000        1.988       13.836
       2.250        0.000        1.988       13.836
       2.301        0.000        3.414       16.504
       2.352       98.500        4.105       17.090
       2.403       79.500        4.855       18.590
       2.453       99.400        5.625       18.590
       2.503       99.400        6.367       20.590
       2.553      119.300        9.461       23.871
       2.604       99.400        9.031       19.543
       2.654       99.400        9.801       23.293
       2.704       99.400       15.988       27.043
       2.755       99.400       23.723       34.793
       2.805       99.400       12.906       23.293
       2.855       99.500       12.906       23.293
       2.906       98.600       12.906       23.293
       2.957       98.800       12.906       23.293
       3.007       99.500       12.906       23.293
       3.057       99.500       12.906       23.293
       3.107       99.500       12.906       23.293
       3.158       99.500       14.191       49.707
       3.208       99.500       16.770       49.707
       3.258       99.400       19.348       49.707
       3.308       99.500       21.668       49.707
       3.359       99.500       24.246       49.707
       3.409       99.500       25.277       49.707
       3.459       99.500       26.309       49.707
       3.509       99.500       29.402       49.707
       3.560       99.500       31.980       49.707
       3.610       99.500       33.012       49.707
       3.660       99.500       33.785       49.707
       3.710       99.500       34.043       49.707
       3.761       99.500       34.301       49.707
       3.811       99.500       34.559       49.707
       3.861       99.500       34.816       49.707
       3.911       99.500       35.074       49.707
       3.962       99.400       36.363       49.707
       4.012       99.400       36.879       49.707
       4.062       99.500       37.137       49.707
       4.112       99.500       37.395       49.707
       4.163       99.500       37.652       49.707
       4.213       99.500       37.652       49.707
       4.263       99.600       37.910       49.707
       4.313       99.500       37.910       49.707
       4.364       99.500       38.168       49.707
       4.414       99.500       38.168       49.707
       4.464       99.500       38.168       49.707
       4.514       99.600       38.426       49.707
       4.565       99.500       38.426       49.707
       4.615       99.500       38.426       49.707
       4.665       99.500       38.684       49.707
       4.715       99.400       38.684       49.707
       4.766       99.400       38.684       49.707
       4.816       99.500       38.684       49.707
       4.866       99.500       38.684       49.707
       4.916       99.400       38.684       49.707
       4.967       99.400       38.941       49.707
       5.017       99.400       38.941       49.707
       5.067       99.400       38.941       49.707
       5.118       99.500       38.941       49.707
       5.168       99.500       38.941       49.707
       5.218       99.500       38.941       49.707
       5.268       99.500       38.941       49.707
       5.319       99.300       38.941       49.707
       5.369       99.400       38.941       49.707
       5.419      119.400       38.941       49.707
       5.470       79.600       38.941       49.707
       5.520      119.500       38.941       49.707
       5.570       79.600       39.258       49.707
       5.620      119.400       39.258       49.707
       5.670       79.600       39.258       49.707
