# Elapsed time   CPU (%)     Real (MB)   Virtual (MB)
       0.001        0.000        1.801       13.836
       0.502        0.000        1.801       13.836
       1.004        0.000        1.801       13.836
       1.506        0.000        1.801       13.836
       2.007        0.000        1.801       13.836
       2.509        0.000        1.801       13.836
       3.011        0.000        1.801       13.836
       3.512        0.000        1.801       13.836
       4.014        0.000        1.801       13.836
       4.516        0.000        1.801       13.836
       5.017       45.900       10.652      150.090
       5.518       99.800       15.973      156.090
       6.019      101.800       21.262      164.090
       6.520       99.800       26.426      180.090
       7.021       97.800       32.098      180.090
       7.521       99.800       37.770      180.090
       8.022      101.800       42.684      212.090
       8.523       99.800       48.098      212.090
       9.024       99.800       53.770      212.090
       9.525       99.800       59.184      212.090
      10.026       99.800       64.598      212.090
      10.527       99.800       70.012      212.090
      11.028      101.800       74.168      276.090
      11.528       99.800       79.582      276.090
      12.029       99.800       85.254      276.090
      12.530       97.800       90.668      276.090
      13.031       99.800       96.082      276.090
      13.532      101.800      101.754      276.090
      14.033       99.800      107.168      276.090
      14.534       99.800      112.840      276.090
      15.035       99.800      118.512      276.090
      15.535       99.800      123.926      276.090
      16.036       99.800      129.598      276.090
      16.537       99.800      135.012      276.090
      17.038       99.800      137.652      404.090
      17.539       99.800      143.324      404.090
      18.040       99.800      148.738      404.090
      18.541       99.800      154.152      404.090
      19.042      101.800      159.824      404.090
      19.542       97.800      165.238      404.090
      20.043      101.800      170.910      404.090
      20.544       99.800      176.324      404.090
      21.045       99.800      191.535      415.266
      21.546       99.800      191.535      415.266
      22.046       99.900      191.535      415.266
      22.547      101.800      235.621      549.434
      23.048       97.800      329.465      555.023
      23.549       99.800      331.270      555.023
      24.050       99.800      331.270      555.023
      24.551      101.800      331.270      555.023
      25.052       99.800      331.270      555.023
      25.553       99.800      373.293      683.602
      26.054       99.800      428.723      683.602
      26.554       99.800      165.434      176.027
      27.055       99.800      165.434      176.027
      27.556       99.800      165.434      176.027
      28.057       99.800      176.574      187.207
      28.558       99.800      176.574      187.207
      29.059       99.800      176.574      187.207
      29.560       99.800      176.574      187.207
      30.061       99.800      203.645      427.602
      30.562       99.800      255.723      427.602
      31.063       99.800      308.059      427.602
      31.564      101.800      358.590      427.602
      32.064       97.800      406.801      427.602
      32.565       99.800      419.434      433.191
      33.066       99.800      474.348      673.586
      33.567      101.800      532.355      673.586
      34.068       99.800      589.074      673.586
      34.569       99.800      643.473      673.586
      35.070       99.800      667.191      707.121
      35.571       99.800      794.484      885.977
      36.072      101.800      838.074     1087.180
      36.573       99.800      869.562      953.039
      37.074       97.800      689.273      811.086
      37.575      101.800      719.180      811.086
      38.075       99.800      719.695      811.086
      38.576       99.800      721.500      811.086
      39.077       99.800      725.109      811.086
      39.579       99.800      728.977      811.086
      40.079       99.800      732.328      811.086
      40.581       99.800      735.680      811.086
      41.082       99.800      739.031      811.086
      41.583       99.800      742.383      811.086
      42.084      101.800      745.734      811.086
      42.585       99.800      745.992      811.086
      43.086       99.800      745.992      811.086
      43.587       99.800      745.992      811.086
      44.088       99.800      745.992      811.086
      44.589       99.800      193.535      203.973
      45.090       99.800      193.535      203.973
      45.591      101.800      193.535      203.973
      46.091       97.800      224.469      332.551
      46.592       99.800      274.742      332.551
      47.093      101.800      313.672      332.551
      47.594       99.800      321.922      338.141
      48.095       99.800      322.180      338.141
      48.596       99.800      322.180      338.141
      49.097       99.800      322.180      338.141
      49.598       99.800      322.180      338.141
      50.098       99.800      322.180      338.141
      50.599       99.800      322.180      338.141
      51.100       99.800      322.180      338.141
      51.601       99.800      322.180      338.141
      52.102       99.800      322.180      338.141
      52.602      101.800      322.180      338.141
      53.103       99.800      322.180      338.141
      53.604       99.800      322.180      338.141
      54.105       99.800      322.180      338.141
      54.605       99.800      322.438      338.141
      55.106       99.800      322.438      338.141
      55.607       99.800      322.438      338.141
      56.108       99.800      322.438      338.141
      56.609       99.800      322.438      338.141
      57.109       99.800      322.438      338.141
      57.610       99.800      322.438      338.141
      58.111      101.800      322.438      338.141
      58.612       99.800      322.438      338.141
      59.113       99.800      322.438      338.141
      59.613       99.800      322.438      338.141
      60.114       99.800      322.438      338.141
      60.615       99.800      322.438      338.141
      61.116       99.800      322.438      338.141
      61.617       99.800      322.438      338.141
      62.117       99.800      322.438      338.141
      62.618       99.800      322.438      338.141
      63.119       99.800      322.438      338.141
      63.620       99.800      322.438      338.141
      64.121       99.800      322.438      338.141
      64.621       99.800      322.438      338.141
      65.122       99.800      322.438      338.141
      65.623      101.800      322.438      338.141
      66.124       99.800      322.438      338.141
      66.625       99.800      322.695      338.141
      67.125       99.800      322.695      338.141
      67.626       99.800      322.695      338.141
      68.127       99.800      322.695      338.141
      68.628       99.800      322.695      338.141
      69.129       99.800      322.695      338.141
      69.629       99.800      322.695      338.141
      70.130       99.800      322.695      338.141
      70.631      101.800      322.695      338.141
      71.132       99.800      322.695      338.141
      71.633       99.800      322.695      338.141
      72.133       99.800      322.695      338.141
      72.634       99.800      322.695      338.141
      73.135       99.800      322.695      338.141
      73.636       99.800      322.695      338.141
      74.137       99.800      322.695      338.141
      74.637       99.800      322.695      338.141
      75.138       99.800      322.695      338.141
      75.639       99.800      322.695      338.141
      76.140       99.800      322.695      338.141
      76.641       99.800      322.695      338.141
      77.141       99.800      322.953      338.141
      77.642       99.800      322.953      338.141
      78.143      101.800      322.953      338.141
      78.644       99.800      322.953      338.141
      79.145       99.800      322.953      338.141
      79.645       99.800      322.953      338.141
      80.146       99.800      322.953      338.141
      80.647       99.800      322.953      338.141
      81.148       99.800      322.953      338.141
      81.649       99.800      322.953      338.141
      82.149       99.800      322.953      338.141
      82.650       99.800      322.953      338.141
      83.151      101.800      322.953      338.141
      83.652       99.800      322.953      338.141
      84.153       99.800      322.953      338.141
      84.653       99.800      323.211      338.141
      85.154       99.800      323.211      338.141
      85.655       99.800      323.211      338.141
      86.156       99.800      323.211      338.141
      86.657       99.800      323.211      338.141
      87.157       99.800      323.211      338.141
      87.658       99.800      323.211      338.141
      88.159       99.800      323.211      338.141
      88.660       99.800      323.211      338.141
      89.161       99.800      323.211      338.141
      89.662       99.800      323.211      338.141
      90.162      101.800      323.211      338.141
      90.663       99.800      323.211      338.141
      91.164       99.900      323.211      338.141
      91.665       99.800      323.211      338.141
      92.166       99.800      323.211      338.141
      92.666       99.800      323.211      338.141
      93.167       99.800      323.211      338.141
      93.668       99.800      323.211      338.141
      94.169       99.800      323.211      338.141
      94.670       99.800      323.211      338.141
      95.170      101.800      323.211      338.141
      95.671       99.800      323.211      338.141
      96.172       99.800      323.211      338.141
      96.673       99.800      323.211      338.141
      97.174       99.800      323.211      338.141
      97.674       99.800      323.469      338.141
      98.175       99.800      323.469      338.141
      98.676       99.800      323.469      338.141
      99.177       99.800      323.469      338.141
      99.678       99.800      323.469      338.141
     100.178       99.800      323.469      338.141
     100.679       99.800      323.469      338.141
     101.180       99.800      323.469      338.141
     101.681       99.800      323.469      338.141
     102.182       99.800      323.469      338.141
     102.682      101.800      323.469      338.141
     103.183       99.800      323.469      338.141
     103.684       99.800      323.469      338.141
     104.185       99.800      323.469      338.141
     104.686       99.800      323.469      338.141
     105.186       99.800      323.469      338.141
     105.687       99.800      323.469      338.141
     106.188       99.800      323.469      338.141
     106.689       99.800      323.469      338.141
     107.189       99.800      323.469      338.141
     107.690      101.800      323.469      338.141
     108.191       99.800      323.469      338.141
     108.692       99.800      323.469      338.141
     109.193       99.800      323.469      338.141
     109.694       99.800      323.469      338.141
     110.194       99.800      323.469      338.141
     110.695       99.800      323.469      338.141
     111.196       99.800      323.469      338.141
     111.697       99.800      323.469      338.141
     112.198       99.800      323.469      338.141
     112.698       99.800      323.469      338.141
     113.199       99.800      323.469      338.141
     113.700       99.800      323.469      338.141
     114.201       99.800      323.469      338.141
     114.702       99.800      323.469      338.141
     115.202      101.800      323.469      338.141
     115.703       99.800      323.469      338.141
     116.204       99.800      323.469      338.141
     116.705       99.800      323.469      338.141
     117.205       99.800      323.469      338.141
     117.706       99.800      323.469      338.141
     118.207       99.800      323.469      338.141
     118.708       99.800      323.469      338.141
     119.209       99.800      323.469      338.141
     119.710       99.800      323.469      338.141
     120.210      101.800      323.469      338.141
     120.711       99.800      323.469      338.141
     121.212       99.800      323.469      338.141
     121.713       99.800      323.469      338.141
     122.213       99.800      323.727      338.141
     122.714       99.800      323.727      338.141
     123.215       99.800      323.727      338.141
     123.716       99.800      323.727      338.141
     124.217       99.800      323.727      338.141
     124.718       99.800      323.727      338.141
     125.218       99.800      323.727      338.141
     125.719       99.800      323.727      338.141
     126.220       99.800      323.727      338.141
     126.721       99.800      323.727      338.141
     127.222       99.800      323.727      338.141
     127.723      101.800      323.727      338.141
     128.224       99.800      323.727      338.141
     128.725       99.800      323.727      338.141
     129.225       99.800      323.727      338.141
     129.726       99.800      323.727      338.141
     130.227       99.800      323.727      338.141
     130.728       99.800      323.727      338.141
     131.229       99.800      323.727      338.141
     131.730       99.800      323.727      338.141
     132.230      101.800      323.727      338.141
     132.731       99.800      323.727      338.141
     133.232       99.800      323.727      338.141
     133.733       99.800      323.727      338.141
     134.234       99.800      323.727      338.141
     134.734       99.800      323.727      338.141
     135.235       99.800      323.727      338.141
     135.736       99.800      323.727      338.141
     136.237       99.800      323.727      338.141
     136.738       99.800      323.727      338.141
     137.238       99.800      323.727      338.141
     137.739       99.800      323.727      338.141
     138.240       99.800      323.727      338.141
     138.741       99.800      323.727      338.141
     139.242       99.800      323.727      338.141
     139.743      101.800      323.727      338.141
     140.243       99.800      323.727      338.141
     140.744       99.800      323.727      338.141
     141.245       99.800      323.727      338.141
     141.746       99.800      323.727      338.141
     142.247       99.800      323.727      338.141
     142.747       99.800      323.727      338.141
     143.248       99.800      323.727      338.141
     143.749       99.800      323.727      338.141
     144.250       99.800      323.727      338.141
     144.751      101.800      323.727      338.141
     145.251       99.800      323.727      338.141
     145.752       99.800      323.727      338.141
     146.253       99.800      323.727      338.141
     146.754       99.800      323.727      338.141
     147.255       99.800      323.727      338.141
     147.755       99.800      323.727      338.141
     148.256       99.800      323.727      338.141
     148.757       99.800      323.727      338.141
     149.258       99.800      323.727      338.141
     149.759       99.800      323.727      338.141
     150.259       99.800      323.727      338.141
     150.760       99.800      323.727      338.141
     151.261       99.800      323.727      338.141
     151.762       99.800      323.727      338.141
     152.262      101.800      323.727      338.141
     152.763       99.800      323.727      338.141
     153.264       99.800      323.727      338.141
     153.765       99.800      323.727      338.141
     154.266       99.800      323.727      338.141
     154.766       99.800      323.727      338.141
     155.267       99.800      323.727      338.141
     155.768       99.800      323.727      338.141
     156.269       99.800      323.727      338.141
     156.770       99.800      323.727      338.141
     157.270      101.800      323.727      338.141
     157.771       99.800      323.727      338.141
     158.272       99.800      323.727      338.141
     158.773       99.800      323.727      338.141
     159.274       99.800      323.727      338.141
     159.774       99.800      323.727      338.141
     160.275       99.800      323.727      338.141
     160.776       99.800      323.727      338.141
     161.277       99.800      323.727      338.141
     161.778       99.800      323.727      338.141
     162.278       99.800      323.727      338.141
     162.779       99.800      323.727      338.141
     163.280       99.800      323.727      338.141
     163.781       99.800      323.727      338.141
     164.282       99.800      323.727      338.141
     164.782      101.800      323.727      338.141
     165.283       99.800      323.727      338.141
     165.784       99.800      323.727      338.141
     166.285       99.800      323.727      338.141
     166.786       99.800      323.727      338.141
     167.286       99.800      323.727      338.141
     167.787       99.800      323.727      338.141
     168.288       99.800      323.727      338.141
     168.789       99.800      323.727      338.141
     169.290       99.800      323.727      338.141
     169.790      101.800      323.727      338.141
     170.291       99.800      323.727      338.141
     170.792       99.800      323.727      338.141
     171.293       99.800      323.727      338.141
     171.794       99.800      323.727      338.141
     172.294       99.800      323.727      338.141
     172.795       99.800      323.727      338.141
     173.296       99.800      323.727      338.141
     173.797       99.800      323.727      338.141
     174.298       99.800      323.727      338.141
     174.798       99.800      323.727      338.141
     175.299       99.800      323.727      338.141
     175.800       99.800      323.727      338.141
     176.301       99.800      323.727      338.141
     176.802       99.800      323.727      338.141
     177.302      101.800      323.727      338.141
     177.803       99.800      323.727      338.141
     178.304       99.800      323.727      338.141
     178.805       99.800      323.727      338.141
     179.306       99.800      323.727      338.141
     179.806       99.800      323.727      338.141
     180.307       99.800      323.727      338.141
     180.808       99.800      323.727      338.141
     181.309       99.800      323.727      338.141
     181.810       99.800      323.727      338.141
     182.310      101.800      323.727      338.141
     182.811       99.800      323.727      338.141
     183.312       99.800      323.727      338.141
     183.813       99.800      323.727      338.141
     184.314       99.800      323.727      338.141
     184.814       99.800      323.727      338.141
     185.315       99.800      323.727      338.141
     185.816       99.800      323.727      338.141
     186.317       99.800      323.727      338.141
     186.818       99.800      323.727      338.141
     187.318       99.800      323.727      338.141
     187.819       99.800      323.727      338.141
     188.320       99.800      323.727      338.141
     188.821       99.800      323.727      338.141
     189.322       99.800      323.727      338.141
     189.822      101.800      323.727      338.141
     190.323       99.800      323.727      338.141
     190.824       99.800      323.727      338.141
     191.325       99.800      323.727      338.141
     191.826       99.800      323.727      338.141
     192.326       99.800      323.727      338.141
     192.827       99.800      323.727      338.141
     193.328       99.800      323.727      338.141
     193.829       99.800      323.727      338.141
     194.330       99.800      323.727      338.141
     194.830      101.800      323.727      338.141
     195.331       99.800      323.984      338.141
     195.832       99.800      323.984      338.141
     196.333       99.800      323.984      338.141
     196.834       99.800      323.984      338.141
     197.334       99.800      323.984      338.141
     197.835       99.800      323.984      338.141
     198.336       99.800      323.984      338.141
     198.837       99.800      323.984      338.141
     199.338       99.800      323.984      338.141
     199.838       99.800      323.984      338.141
     200.339       99.800      323.984      338.141
     200.840       99.800      323.984      338.141
     201.341       99.800      323.984      338.141
     201.842       99.800      323.984      338.141
     202.342      101.800      323.984      338.141
     202.843       99.800      323.984      338.141
     203.344       99.800      323.984      338.141
     203.845       99.800      323.984      338.141
     204.346       99.800      323.984      338.141
     204.846       99.800      323.984      338.141
     205.347       99.800      323.984      338.141
     205.848       99.800      323.984      338.141
     206.349       99.800      323.984      338.141
     206.850       99.800      323.984      338.141
     207.350      101.800      323.984      338.141
     207.851       99.800      323.984      338.141
     208.352       99.800      323.984      338.141
     208.853       99.800      323.984      338.141
     209.354       99.800      323.984      338.141
     209.855       99.800      323.984      338.141
     210.355       99.800      323.984      338.141
     210.856       99.800      323.984      338.141
     211.357       99.800      323.984      338.141
     211.858       99.800      323.984      338.141
     212.359       99.800      323.984      338.141
     212.859       99.800      323.984      338.141
     213.360       99.800      323.984      338.141
     213.861       99.800      323.984      338.141
     214.362       99.800      323.984      338.141
     214.863      101.800      323.984      338.141
     215.363       99.800      323.984      338.141
     215.864       99.800      323.984      338.141
     216.365       99.800      323.984      338.141
     216.866       99.800      323.984      338.141
     217.367       99.800      323.984      338.141
     217.867       99.800      323.984      338.141
     218.368       99.800      323.984      338.141
     218.869       99.800      323.984      338.141
     219.370       99.800      323.984      338.141
     219.870      101.800      323.984      338.141
     220.371       99.800      323.984      338.141
     220.872       99.800      323.984      338.141
     221.373       99.800      323.984      338.141
     221.874       99.800      323.984      338.141
     222.374       99.800      323.984      338.141
     222.875       99.800      323.984      338.141
     223.376       99.800      323.984      338.141
     223.877       99.800      323.984      338.141
     224.378       99.800      323.984      338.141
     224.878       99.800      323.984      338.141
     225.379       99.800      323.984      338.141
     225.880       99.800      323.984      338.141
     226.381       99.800      323.984      338.141
     226.882       99.800      323.984      338.141
     227.382      101.800      323.984      338.141
     227.883       99.800      323.984      338.141
     228.384       99.800      323.984      338.141
     228.885       99.800      323.984      338.141
     229.386       99.800      323.984      338.141
     229.886       99.800      323.984      338.141
     230.387       99.800      323.984      338.141
     230.888       99.800      323.984      338.141
     231.389       99.800      323.984      338.141
     231.890       99.800      323.984      338.141
     232.390      101.800      323.984      338.141
     232.891       99.800      323.984      338.141
     233.392       99.800      323.984      338.141
     233.893       99.800      323.984      338.141
     234.394       99.800      323.984      338.141
     234.894       99.800      323.984      338.141
     235.395       99.800      323.984      338.141
     235.896       99.800      323.984      338.141
     236.397       99.800      323.984      338.141
     236.898       99.800      323.984      338.141
     237.398       99.800      323.984      338.141
     237.899       99.800      323.984      338.141
     238.400       99.800      323.984      338.141
     238.901       99.800      323.984      338.141
     239.402       99.800      323.984      338.141
     239.902      101.800      324.242      338.141
     240.403       99.800      324.242      338.141
     240.904       99.800      324.242      338.141
     241.405       99.800      324.242      338.141
     241.906       99.800      324.242      338.141
     242.406       99.800      324.242      338.141
     242.907       99.800      324.242      338.141
     243.408       99.800      324.242      338.141
     243.909       99.800      324.242      338.141
     244.410       99.800      324.242      338.141
     244.910       99.800      324.242      338.141
     245.416      100.900      324.242      338.141
     245.917       99.800      324.242      338.141
     246.418       99.800      324.242      338.141
     246.918       99.800      324.242      338.141
     247.419       99.800      324.242      338.141
     247.920       99.800      324.242      338.141
     248.421       99.800      324.242      338.141
     248.922       99.800      324.242      338.141
     249.422      101.800      324.242      338.141
     249.923       99.800      324.242      338.141
     250.424       99.800      324.242      338.141
     250.925       99.800      324.500      338.141
     251.426       99.800      324.500      338.141
     251.926       99.800      324.500      338.141
     252.427       99.800      324.500      338.141
     252.928       99.800      324.500      338.141
     253.429       99.800      324.500      338.141
     253.930       99.800      324.500      338.141
     254.430       99.800      324.500      338.141
     254.931       99.800      324.500      338.141
     255.432       99.800      324.500      338.141
     255.933       99.800      324.500      338.141
     256.433       99.800      324.500      338.141
     256.934      101.800      324.500      338.141
     257.435       99.800      324.500      338.141
     257.936       99.800      324.500      338.141
     258.437       99.800      324.500      338.141
     258.938       99.800      324.500      338.141
     259.438       99.800      324.758      338.141
     259.939       99.800      324.758      338.141
     260.440       99.800      324.758      338.141
     260.941       99.800      324.758      338.141
     261.442       99.800      324.758      338.141
     261.942      101.800      324.758      338.141
     262.443       99.800      324.758      338.141
     262.944       99.800      324.758      338.141
     263.445       99.800      324.758      338.141
     263.946       99.800      324.758      338.141
     264.446       99.800      324.758      338.141
     264.947       99.800      324.758      338.141
     265.448       99.800      324.758      338.141
     265.949       99.800      324.758      338.141
     266.450       99.800      324.758      338.141
     266.950       99.800      324.758      338.141
     267.451       99.800      324.758      338.141
     267.952       99.800      325.016      338.141
     268.453       99.800      325.016      338.141
     268.954       99.800      325.016      338.141
     269.454      101.800      325.016      338.141
     269.955       99.800      325.016      338.141
     270.456       99.800      325.016      338.141
     270.957       99.800      325.016      338.141
     271.457       99.800      325.016      338.141
     271.958       99.800      325.016      338.141
     272.459       99.800      325.016      338.141
     272.960       99.800      325.016      338.141
     273.461       99.800      325.016      338.141
     273.961       99.800      325.016      338.141
     274.462       99.800      325.016      338.141
     274.963      101.800      325.016      338.141
     275.464       99.800      325.016      338.141
     275.965       99.800      325.016      338.141
     276.465       99.800      325.016      338.141
     276.966       99.800      325.016      338.141
     277.467       99.800      325.016      338.141
     277.968       99.800      325.273      338.141
     278.469       99.800      325.273      338.141
     278.969       99.800      325.273      338.141
     279.470       99.800      325.273      338.141
     279.971       99.800      325.273      338.141
     280.472       99.800      325.273      338.141
     280.973       99.800      325.273      338.141
     281.473       99.800      325.273      338.141
     281.974       99.800      325.273      338.141
     282.475      101.800      325.273      338.141
     282.976       99.800      325.273      338.141
     283.477       99.800      325.273      338.141
     283.977       99.800      325.273      338.141
     284.478       99.800      325.273      338.141
     284.979       99.800      325.273      338.141
     285.480       99.800      325.273      338.141
     285.981       99.800      325.273      338.141
     286.481       99.800      325.273      338.141
     286.982       99.800      325.273      338.141
     287.483      101.800      325.273      338.141
     287.984       99.800      325.273      338.141
     288.485       99.800      325.273      338.141
     288.985       99.800      325.273      338.141
     289.486       99.800      325.273      338.141
     289.987       99.800      325.273      338.141
     290.488       99.800      325.273      338.141
     290.989       99.800      325.273      338.141
     291.489       99.800      325.273      338.141
     291.990       99.800      325.273      338.141
     292.491       99.800      325.273      338.141
     292.992       99.800      325.273      338.141
     293.492       99.800      325.273      338.141
     293.993       99.800      325.273      338.141
     294.494       99.800      325.273      338.141
     294.995      101.800      325.273      338.141
     295.496       99.800      325.273      338.141
     295.996       99.800      325.273      338.141
     296.497       99.800      325.273      338.141
     296.998       99.800      325.273      338.141
     297.499       99.800      325.273      338.141
     298.000       99.800      325.273      338.141
     298.500       99.800      325.273      338.141
     299.001       99.800      325.273      338.141
     299.502       99.800      325.273      338.141
     300.003      101.800      325.273      338.141
     300.504       99.800      325.273      338.141
     301.004       99.800      325.273      338.141
     301.505       99.800      325.273      338.141
     302.006       99.800      325.273      338.141
     302.507       99.800      325.273      338.141
     303.008       99.800      325.273      338.141
     303.508       99.800      325.273      338.141
     304.009       99.800      325.273      338.141
     304.510       99.800      325.273      338.141
     305.011       99.800      325.273      338.141
     305.512       99.800      325.273      338.141
     306.012       99.800      325.273      338.141
     306.513       99.800      325.273      338.141
     307.014       99.800      325.273      338.141
     307.515      101.800      325.273      338.141
     308.016       99.800      325.273      338.141
     308.516       99.800      325.273      338.141
     309.017       99.800      325.273      338.141
     309.518       99.800      325.273      338.141
     310.019       99.800      325.273      338.141
     310.519       99.800      325.273      338.141
     311.020       99.800      325.273      338.141
     311.521       99.800      325.273      338.141
     312.022       99.800      325.273      338.141
     312.523      101.800      325.273      338.141
     313.023       99.800      325.273      338.141
     313.524       99.800      325.273      338.141
     314.025       99.800      325.273      338.141
     314.526       99.800      325.273      338.141
     315.027       99.800      325.273      338.141
     315.527       99.800      325.273      338.141
     316.028       99.800      325.273      338.141
     316.529       99.800      325.273      338.141
     317.030       99.800      325.273      338.141
     317.531       99.800      325.273      338.141
     318.031       99.800      325.273      338.141
     318.532       99.800      325.273      338.141
     319.033       99.800      325.273      338.141
     319.534       99.800      325.273      338.141
     320.035      101.800      325.273      338.141
     320.535       99.800      325.273      338.141
     321.036       99.800      325.273      338.141
     321.537       99.800      325.273      338.141
     322.038       99.800      325.273      338.141
     322.539       99.800      325.273      338.141
     323.039       99.800      325.273      338.141
     323.540       99.800      325.273      338.141
     324.041       99.800      325.273      338.141
     324.542       99.800      325.273      338.141
     325.043      101.800      325.273      338.141
     325.543       99.800      325.273      338.141
     326.044       99.800      325.273      338.141
     326.545       99.800      325.273      338.141
     327.046       99.800      325.273      338.141
     327.547       99.800      325.273      338.141
     328.047       99.800      325.273      338.141
     328.548       99.800      325.273      338.141
     329.049       99.800      325.273      338.141
     329.550       99.800      325.273      338.141
     330.051       99.800      325.273      338.141
     330.551       99.800      325.273      338.141
     331.052       99.800      325.273      338.141
     331.553       99.800      325.273      338.141
     332.054       99.800      325.273      338.141
     332.555      101.800      325.273      338.141
     333.055       99.800      325.273      338.141
     333.556       99.800      325.273      338.141
     334.057       99.800      325.273      338.141
     334.558       99.800      325.273      338.141
     335.059       99.800      325.273      338.141
     335.559       99.800      325.273      338.141
     336.060       99.800      325.273      338.141
     336.561       99.800      325.273      338.141
     337.062       99.800      325.273      338.141
     337.562      101.800      325.273      338.141
     338.063       99.800      325.273      338.141
     338.564       99.800      325.273      338.141
     339.065       99.800      325.273      338.141
     339.566       99.800      325.273      338.141
     340.066       99.800      325.273      338.141
     340.567       99.800      325.273      338.141
     341.068       99.800      325.273      338.141
     341.569       99.800      325.273      338.141
     342.070       99.800      325.273      338.141
     342.570       99.800      325.273      338.141
     343.071       99.800      325.273      338.141
     343.572       99.800      325.273      338.141
     344.073       99.800      325.273      338.141
     344.574       99.800      325.273      338.141
     345.074      101.800      325.273      338.141
     345.575       99.800      325.273      338.141
     346.076       99.800      325.273      338.141
     346.577       99.800      325.273      338.141
     347.078       99.800      325.273      338.141
     347.579       99.800      325.273      338.141
     348.080       99.800      325.273      338.141
     348.581       99.800      325.273      338.141
     349.082       99.800      325.273      338.141
     349.582      101.800      325.273      338.141
     350.083       99.800      325.273      338.141
     350.584       99.800      325.273      338.141
     351.085       99.800      325.273      338.141
     351.586       99.800      325.273      338.141
     352.087       99.800      325.273      338.141
     352.588       99.800      325.273      338.141
     353.088       99.800      325.273      338.141
     353.589       99.800      325.273      338.141
     354.090       99.800      325.273      338.141
     354.591       99.800      325.273      338.141
     355.092       99.800      325.273      338.141
     355.593       99.800      325.273      338.141
     356.094       99.800      325.273      338.141
     356.595      101.800      325.273      338.141
     357.096       99.800      325.273      338.141
     357.596       99.800      325.273      338.141
     358.097       99.800      325.273      338.141
     358.598       99.800      325.273      338.141
     359.099       99.800      325.273      338.141
     359.600       99.800      325.273      338.141
     360.101       99.800      325.273      338.141
     360.602       99.800      325.273      338.141
     361.103      101.800      325.273      338.141
     361.603       99.800      325.273      338.141
     362.104       99.800      325.273      338.141
     362.605       99.800      325.273      338.141
     363.106       99.800      325.273      338.141
     363.607       99.800      325.273      338.141
     364.108       99.800      325.273      338.141
     364.609       99.800      325.273      338.141
     365.109       99.800      325.273      338.141
     365.610       99.800      325.273      338.141
     366.111       99.800      325.273      338.141
     366.612       99.800      325.273      338.141
     367.113       99.800      325.273      338.141
     367.614       99.800      325.273      338.141
     368.115      101.800      325.273      338.141
     368.615       99.800      325.273      338.141
     369.116       99.800      325.273      338.141
     369.617       99.800      325.273      338.141
     370.118       99.800      325.273      338.141
     370.619       99.800      325.273      338.141
     371.120       99.800      325.273      338.141
     371.620       99.800      325.273      338.141
     372.121       99.800      325.273      338.141
     372.622       99.800      325.273      338.141
     373.123      101.800      325.273      338.141
     373.624       99.800      325.273      338.141
     374.125       99.800      325.273      338.141
     374.625       99.800      325.273      338.141
     375.126       99.800      325.273      338.141
     375.627       99.800      325.273      338.141
     376.128       99.800      325.273      338.141
     376.629       99.800      325.273      338.141
     377.130       99.800      325.273      338.141
     377.630       99.800      325.273      338.141
     378.131       99.800      325.531      338.141
     378.632       99.800      325.531      338.141
     379.133      101.800      325.531      338.141
     379.634       97.800      325.531      338.141
     380.135      101.800      325.531      338.141
     380.635       99.800      325.531      338.141
     381.136       99.800      325.531      338.141
     381.637       99.800      325.789      338.141
     382.138       99.800      325.789      338.141
     382.639       99.800      325.789      338.141
     383.140       99.800      325.789      338.141
     383.640       99.800      325.789      338.141
     384.141       99.800      325.789      338.141
     384.642       99.800      325.789      338.141
     385.143      101.800      325.789      338.141
     385.644       99.800      325.789      338.141
     386.145       99.800      325.789      338.141
     386.645       99.800      325.789      338.141
     387.146       99.800      325.789      338.141
     387.647       99.800      325.789      338.141
     388.148       99.800      325.789      338.141
     388.649       99.800      325.789      338.141
     389.149       99.800      325.789      338.141
     389.650       99.800      325.789      338.141
     390.151       99.800      325.789      338.141
     390.652       99.800      325.789      338.141
     391.153       99.800      325.789      338.141
     391.654       99.800      325.789      338.141
     392.154      101.800      325.789      338.141
     392.655       99.800      325.789      338.141
     393.156       99.800      325.789      338.141
     393.657       99.800      325.789      338.141
     394.158       99.800      325.789      338.141
     394.658       99.800      325.789      338.141
     395.159       99.800      325.789      338.141
     395.660       99.800      325.789      338.141
     396.161       99.800      325.789      338.141
     396.662       99.800      325.789      338.141
     397.163      101.800      325.789      338.141
     397.663       99.800      325.789      338.141
     398.164       99.800      325.789      338.141
     398.665       99.800      326.047      338.141
     399.166       99.800      326.047      338.141
     399.667       99.800      326.047      338.141
     400.167       99.800      326.047      338.141
     400.668       99.800      326.047      338.141
     401.169       99.800      326.047      338.141
     401.670       99.800      326.047      338.141
     402.171       99.800      326.047      338.141
     402.672       99.800      326.047      338.141
     403.172       99.800      326.305      338.141
     403.673       99.800      326.305      338.141
     404.174       99.800      326.305      338.141
     404.675      101.800      326.305      338.141
     405.176       99.800      326.305      338.141
     405.677       99.800      326.305      338.141
     406.177       99.800      326.305      338.141
     406.678       99.800      326.305      338.141
     407.179       99.800      326.305      338.141
     407.680       99.800      326.305      338.141
     408.181       99.800      326.305      338.141
     408.682       99.800      326.305      338.141
     409.182      101.800      326.305      338.141
     409.683       99.800      326.305      338.141
     410.184       99.800      326.305      338.141
     410.685       99.800      326.562      338.141
     411.186       99.800      326.562      338.141
     411.686       99.800      326.562      338.141
     412.187       99.800      326.562      338.141
     412.688       99.800      326.562      338.141
     413.189       99.800      326.562      338.141
     413.690       99.800      326.562      338.141
     414.191       99.800      326.562      338.141
     414.691       99.800      326.562      338.141
     415.192       99.800      326.562      338.141
     415.693       99.800      326.562      338.141
     416.194       99.800      326.562      338.141
     416.695      101.800      326.562      338.141
     417.196       99.800      326.562      338.141
     417.696       99.800      326.562      338.141
     418.197       99.800      326.562      338.141
     418.698       99.800      326.562      338.141
     419.199       99.800      326.562      338.141
     419.700       99.800      326.562      338.141
     420.201       99.800      326.562      338.141
     420.701       99.800      326.562      338.141
     421.202       99.800      326.562      338.141
     421.703      101.800      326.562      338.141
     422.204       99.800      326.562      338.141
     422.705       99.800      326.562      338.141
     423.205       99.800      326.562      338.141
     423.706       99.800      326.562      338.141
     424.207       99.800      326.562      338.141
     424.708       99.800      326.562      338.141
     425.209       99.800      326.562      338.141
     425.710       99.800      326.562      338.141
     426.210       99.800      326.562      338.141
     426.711       99.800      326.562      338.141
     427.212       99.800      326.562      338.141
     427.713       99.800      326.562      338.141
     428.214       99.800      326.562      338.141
     428.715      101.800      326.562      338.141
     429.215       99.800      326.562      338.141
     429.716       99.800      326.562      338.141
     430.217       99.800      326.562      338.141
     430.718       99.800      326.562      338.141
     431.219       99.800      326.562      338.141
     431.719       99.800      326.562      338.141
     432.220       99.800      326.562      338.141
     432.721       99.800      326.562      338.141
     433.222       99.800      326.562      338.141
     433.723      101.800      326.562      338.141
     434.224       99.800      326.562      338.141
     434.724       99.800      326.562      338.141
     435.225       99.800      326.562      338.141
     435.726       99.800      326.562      338.141
     436.227       99.800      326.562      338.141
     436.728       99.800      326.562      338.141
     437.229       99.800      326.562      338.141
     437.729       99.800      326.562      338.141
     438.230       99.800      326.562      338.141
     438.731       99.800      326.562      338.141
     439.232       99.800      326.562      338.141
     439.733       99.800      326.562      338.141
     440.234       99.800      326.562      338.141
     440.734      101.800      326.562      338.141
     441.235       99.800      326.562      338.141
     441.736       99.800      326.562      338.141
     442.237       99.800      326.562      338.141
     442.738       99.800      326.562      338.141
     443.239       99.800      326.562      338.141
     443.739       99.800      326.562      338.141
     444.240       99.800      326.562      338.141
     444.741       99.800      326.562      338.141
     445.242       99.800      326.562      338.141
     445.743       99.800      326.562      338.141
     446.244       99.800      326.562      338.141
     446.744       99.800      326.562      338.141
     447.245       99.800      326.562      338.141
     447.746       99.800      326.562      338.141
     448.247      101.800      326.562      338.141
     448.748       99.800      326.562      338.141
     449.249       99.800      326.562      338.141
     449.749       99.800      326.562      338.141
     450.250       99.800      326.562      338.141
     450.751       99.800      326.562      338.141
     451.252       99.800      326.562      338.141
     451.753       99.800      326.562      338.141
     452.253       99.800      326.562      338.141
     452.754       99.800      326.562      338.141
     453.255      101.800      326.562      338.141
     453.756       99.800      326.562      338.141
     454.257       99.800      326.562      338.141
     454.758       99.800      326.562      338.141
     455.259       99.800      326.562      338.141
     455.759       99.800      326.562      338.141
     456.260       99.800      326.562      338.141
     456.761       99.800      326.562      338.141
     457.262       99.800      326.562      338.141
     457.763       99.800      326.562      338.141
     458.264       99.800      326.562      338.141
     458.765       99.800      326.562      338.141
     459.266       99.800      326.562      338.141
     459.767      101.800      326.562      338.141
     460.268       99.800      326.562      338.141
     460.768       99.800      326.562      338.141
     461.269       99.800      326.562      338.141
     461.770       99.800      326.562      338.141
     462.271       99.800      326.562      338.141
     462.772       99.800      326.562      338.141
     463.273       99.800      326.562      338.141
     463.774       99.800      326.562      338.141
     464.275      101.800      326.562      338.141
     464.775       99.800      326.562      338.141
     465.276       99.800      326.562      338.141
     465.777       99.800      326.562      338.141
     466.278       99.800      326.562      338.141
     466.779       99.800      326.562      338.141
     467.280       99.800      326.562      338.141
     467.781       99.800      326.562      338.141
     468.281       99.800      326.562      338.141
     468.782       99.800      326.562      338.141
     469.283       99.800      326.562      338.141
     469.784       99.800      326.562      338.141
     470.285       99.800      326.562      338.141
     470.786       99.800      326.562      338.141
     471.287      101.800      326.562      338.141
     471.788       99.800      326.562      338.141
     472.288       99.800      326.562      338.141
     472.789       99.800      326.562      338.141
     473.290       99.800      326.562      338.141
     473.791       99.800      326.562      338.141
     474.292       99.800      326.562      338.141
     474.793       99.800      326.562      338.141
     475.294       99.800      326.562      338.141
     475.794      101.800      326.562      338.141
     476.295       99.800      326.562      338.141
     476.796       99.800      326.562      338.141
     477.297       97.800      326.562      338.141
     477.798       99.800      326.562      338.141
     478.298      101.800      326.562      338.141
     478.799       99.800      326.562      338.141
     479.300       99.800      326.562      338.141
     479.801       99.800      326.562      338.141
     480.302       99.800      326.562      338.141
     480.803       99.800      326.562      338.141
     481.303       99.800      326.562      338.141
     481.804       99.800      326.562      338.141
     482.305       99.800      326.562      338.141
     482.806       99.800      326.562      338.141
     483.307      101.800      326.562      338.141
     483.808       99.800      326.562      338.141
     484.308       99.800      326.562      338.141
     484.809       99.800      326.562      338.141
     485.310       99.800      326.562      338.141
     485.811       99.800      326.562      338.141
     486.312       99.800      326.562      338.141
     486.813       99.800      326.562      338.141
     487.313       99.800      326.562      338.141
     487.814       99.800      326.562      338.141
     488.315       99.800      326.562      338.141
     488.816       99.800      326.562      338.141
     489.317       99.800      326.562      338.141
     489.817       99.800      326.562      338.141
     490.318       99.800      326.562      338.141
     490.819      101.800      326.562      338.141
     491.320       99.800      326.562      338.141
     491.821       99.800      326.562      338.141
     492.321       99.800      326.562      338.141
     492.822       99.800      326.562      338.141
     493.323       99.800      326.562      338.141
     493.824       99.800      326.562      338.141
     494.325       99.800      326.562      338.141
     494.826       99.800      326.562      338.141
     495.326      101.800      326.562      338.141
     495.827       99.800      326.562      338.141
     496.328       99.800      326.562      338.141
     496.829       99.800      326.562      338.141
     497.330       99.800      326.562      338.141
     497.831       99.800      326.562      338.141
     498.331       99.800      326.562      338.141
     498.832       99.800      326.562      338.141
     499.333       99.800      326.562      338.141
     499.834       99.800      326.562      338.141
     500.335       99.800      326.562      338.141
     500.835       99.800      326.562      338.141
     501.336       99.800      326.562      338.141
     501.837       99.800      326.562      338.141
     502.338       99.800      326.562      338.141
     502.839      101.800      326.562      338.141
     503.340       99.800      326.562      338.141
     503.840       99.800      326.562      338.141
     504.341       99.800      326.562      338.141
     504.842       99.800      326.562      338.141
     505.343       99.800      326.562      338.141
     505.844       99.800      326.562      338.141
     506.344       99.800      326.562      338.141
     506.845       99.800      326.562      338.141
     507.346       99.800      326.562      338.141
     507.847      101.800      326.562      338.141
     508.348       99.800      326.562      338.141
     508.849       99.800      326.562      338.141
     509.350       99.800      326.562      338.141
     509.850       99.800      326.562      338.141
     510.351       99.800      326.562      338.141
     510.852       99.800      326.562      338.141
     511.353       99.800      326.562      338.141
     511.854       99.800      326.562      338.141
     512.354       99.800      326.562      338.141
     512.855       99.800      326.562      338.141
     513.356       99.800      326.562      338.141
     513.857       99.800      326.820      338.141
     514.358       99.800      326.820      338.141
     514.859      101.800      326.820      338.141
     515.359       99.800      326.820      338.141
     515.860       99.800      326.820      338.141
     516.361       99.800      326.820      338.141
     516.862       99.800      326.820      338.141
     517.363       99.800      326.820      338.141
     517.864       99.800      326.820      338.141
     518.364       99.800      326.820      338.141
     518.865       99.800      326.820      338.141
     519.366       99.800      326.820      338.141
     519.867      101.800      326.820      338.141
     520.368       99.800      326.820      338.141
     520.868       99.800      326.820      338.141
     521.369       99.800      326.820      338.141
     521.870       99.800      326.820      338.141
     522.371       99.800      326.820      338.141
     522.872       99.800      326.820      338.141
     523.373       99.800      326.820      338.141
     523.873       99.800      326.820      338.141
     524.374       99.800      326.820      338.141
     524.875       99.800      326.820      338.141
     525.376       99.800      326.820      338.141
     525.877       99.800      326.820      338.141
     526.378       99.800      326.820      338.141
     526.878      101.800      326.820      338.141
     527.379       99.800      326.820      338.141
     527.880       99.800      326.820      338.141
     528.381       99.800      326.820      338.141
     528.882       99.800      326.820      338.141
     529.382       99.800      326.820      338.141
     529.883       99.800      326.820      338.141
     530.384       99.800      326.820      338.141
     530.885       99.800      326.820      338.141
     531.386       99.800      326.820      338.141
     531.887      101.800      326.820      338.141
     532.387       99.800      326.820      338.141
     532.888       99.800      326.820      338.141
     533.389       99.800      326.820      338.141
     533.890       99.800      326.820      338.141
     534.391       99.800      326.820      338.141
     534.891       99.800      326.820      338.141
     535.392       99.800      326.820      338.141
     535.893       99.800      326.820      338.141
     536.394       99.800      326.820      338.141
     536.895       99.800      326.820      338.141
     537.396       99.800      326.820      338.141
     537.896       99.800      326.820      338.141
     538.397       99.800      326.820      338.141
     538.898       99.800      326.820      338.141
     539.399      101.800      326.820      338.141
     539.900       99.800      326.820      338.141
     540.401       99.800      326.820      338.141
     540.901       99.800      326.820      338.141
     541.402       99.800      326.820      338.141
     541.903       99.800      326.820      338.141
     542.404       99.800      326.820      338.141
     542.905       99.800      326.820      338.141
     543.405       99.800      326.820      338.141
     543.906      101.800      326.820      338.141
     544.407       99.800      326.820      338.141
     544.908       99.800      326.820      338.141
     545.409       99.800      326.820      338.141
     545.910       99.800      326.820      338.141
     546.410       99.800      326.820      338.141
     546.911       99.800      326.820      338.141
     547.412       99.800      326.820      338.141
     547.913       99.800      326.820      338.141
     548.414       99.800      326.820      338.141
     548.915       99.800      326.820      338.141
     549.415       99.800      326.820      338.141
     549.916       99.800      326.820      338.141
     550.417       99.800      326.820      338.141
     550.918       99.800      326.820      338.141
     551.419      101.800      326.820      338.141
     551.920       99.800      326.820      338.141
     552.420       99.800      326.820      338.141
     552.921       99.800      326.820      338.141
     553.422       99.800      326.820      338.141
     553.923       99.800      326.820      338.141
     554.424       99.800      326.820      338.141
     554.925       99.800      326.820      338.141
     555.425       99.800      326.820      338.141
     555.926       99.800      326.820      338.141
     556.427      101.800      326.820      338.141
     556.928       99.800      326.820      338.141
     557.429       99.800      326.820      338.141
     557.929       99.800      326.820      338.141
     558.430       99.800      326.820      338.141
     558.931       99.800      326.820      338.141
     559.432       99.800      326.820      338.141
     559.933       99.800      326.820      338.141
     560.433       99.800      326.820      338.141
     560.934       99.800      326.820      338.141
     561.435       99.800      326.820      338.141
     561.936       99.800      326.820      338.141
     562.437       99.800      326.820      338.141
     562.938       99.800      326.820      338.141
     563.438      101.800      326.820      338.141
     563.939       99.800      326.820      338.141
     564.440       99.800      326.820      338.141
     564.941       99.800      326.820      338.141
     565.442       99.800      326.820      338.141
     565.943       99.800      326.820      338.141
     566.443       99.800      326.820      338.141
     566.944       99.800      326.820      338.141
     567.445       99.800      326.820      338.141
     567.946       99.800      326.820      338.141
     568.447       99.800      326.820      338.141
     568.948       99.800      326.820      338.141
     569.448       99.800      326.820      338.141
     569.949       99.800      326.820      338.141
     570.450       99.800      326.820      338.141
     570.951      101.800      326.820      338.141
     571.452       99.800      326.820      338.141
     571.953       99.800      326.820      338.141
     572.453       99.900      326.820      338.141
     572.954       99.800      326.820      338.141
     573.455       99.800      326.820      338.141
     573.956       99.900      326.820      338.141
     574.456       99.800      326.820      338.141
     574.957       99.800      326.820      338.141
     575.458       99.800      326.820      338.141
     575.959      101.800      326.820      338.141
     576.460       99.800      326.820      338.141
     576.961       99.800      326.820      338.141
     577.461       99.800      326.820      338.141
     577.962       99.800      326.820      338.141
     578.463       99.800      326.820      338.141
     578.964       99.800      326.820      338.141
     579.465       99.800      326.820      338.141
     579.966       99.800      326.820      338.141
     580.466       99.800      326.820      338.141
     580.967       99.800      326.820      338.141
     581.468       99.800      326.820      338.141
     581.969       99.800      326.820      338.141
     582.470       99.800      326.820      338.141
     582.971      101.800      326.820      338.141
     583.471       99.800      326.820      338.141
     583.972       99.800      326.820      338.141
     584.473       99.800      326.820      338.141
     584.974       99.800      326.820      338.141
     585.475       99.800      326.820      338.141
     585.976       99.800      326.820      338.141
     586.476       99.800      326.820      338.141
     586.977       99.800      326.820      338.141
     587.478       99.800      326.820      338.141
     587.979      101.800      326.820      338.141
     588.480       99.800      326.820      338.141
     588.980       99.800      326.820      338.141
     589.481       99.800      326.820      338.141
     589.982       99.800      326.820      338.141
     590.483       99.800      326.820      338.141
     590.984       99.800      326.820      338.141
     591.485       99.800      326.820      338.141
     591.985       99.800      326.820      338.141
     592.486       99.800      326.820      338.141
     592.987       99.800      326.820      338.141
     593.488       99.800      326.820      338.141
     593.989       99.800      326.820      338.141
     594.490       99.800      326.820      338.141
     594.990      101.800      326.820      338.141
     595.491       99.800      326.820      338.141
     595.992       99.800      326.820      338.141
     596.493       99.800      326.820      338.141
     596.994       99.800      326.820      338.141
     597.494       99.800      326.820      338.141
     597.995       99.800      326.820      338.141
     598.496       99.800      326.820      338.141
     598.997       99.800      326.820      338.141
     599.498       99.800      326.820      338.141
     599.999      101.800      326.820      338.141
     600.499       99.800      326.820      338.141
     601.000       99.800      326.820      338.141
     601.501       99.800      326.820      338.141
     602.002       99.800      326.820      338.141
     602.503       99.800      326.820      338.141
     603.004       99.800      326.820      338.141
     603.504       99.800      326.820      338.141
     604.005       99.800      326.820      338.141
     604.506       99.800      326.820      338.141
     605.007       99.800      326.820      338.141
     605.508       99.800      326.820      338.141
     606.008       99.800      326.820      338.141
     606.509       99.800      326.820      338.141
     607.010       99.800      326.820      338.141
     607.511      101.800      326.820      338.141
     608.012       99.800      326.820      338.141
     608.513       99.800      326.820      338.141
     609.013       99.800      326.820      338.141
     609.514       99.800      326.820      338.141
     610.015       99.800      326.820      338.141
     610.516       99.800      326.820      338.141
     611.017       99.800      326.820      338.141
     611.518       99.800      326.820      338.141
     612.018      101.800      326.820      338.141
     612.519       99.800      326.820      338.141
     613.020       99.800      326.820      338.141
     613.521       99.800      326.820      338.141
     614.022       99.800      326.820      338.141
     614.522       99.800      326.820      338.141
     615.023       99.800      326.820      338.141
     615.524       99.800      326.820      338.141
     616.025       99.800      326.820      338.141
     616.526       99.800      326.820      338.141
     617.027       99.800      326.820      338.141
     617.527       99.800      326.820      338.141
     618.028       99.800      326.820      338.141
     618.529       99.800      326.820      338.141
     619.030       99.800      326.820      338.141
     619.531      101.800      326.820      338.141
     620.032       99.800      326.820      338.141
     620.532       99.800      326.820      338.141
     621.033       99.800      326.820      338.141
     621.534       99.800      326.820      338.141
     622.035       99.800      326.820      338.141
     622.536       99.800      326.820      338.141
     623.037       99.800      326.820      338.141
     623.537       99.800      326.820      338.141
     624.038       99.800      326.820      338.141
     624.539      101.800      326.820      338.141
     625.040       99.800      326.820      338.141
     625.541       99.800      326.820      338.141
     626.041       99.800      326.820      338.141
     626.542       99.800      326.820      338.141
     627.043       99.800      326.820      338.141
     627.544       99.800      326.820      338.141
     628.045       99.800      326.820      338.141
     628.546       99.800      326.820      338.141
     629.047       99.800      326.820      338.141
     629.547       99.800      326.820      338.141
     630.048       99.800      326.820      338.141
     630.549       99.800      326.820      338.141
     631.050       99.800      326.820      338.141
     631.551      101.800      326.820      338.141
     632.052       99.800      326.820      338.141
     632.552       99.800      326.820      338.141
     633.053       99.800      326.820      338.141
     633.554       99.800      326.820      338.141
     634.055       99.800      326.820      338.141
     634.555       99.800      326.820      338.141
     635.056       99.800      326.820      338.141
     635.557       99.800      326.820      338.141
     636.058       99.800      326.820      338.141
     636.559       99.800      326.820      338.141
     637.060       99.800      326.820      338.141
     637.560       99.800      326.820      338.141
     638.061       99.800      326.820      338.141
     638.562       99.800      326.820      338.141
     639.063      101.800      326.820      338.141
     639.564       99.800      326.820      338.141
     640.065       99.800      326.820      338.141
     640.565       99.800      327.078      338.141
     641.066       99.800      327.078      338.141
     641.567       99.800      327.078      338.141
     642.068       99.800      327.078      338.141
     642.569       99.800      327.078      338.141
     643.070       99.800      327.078      338.141
     643.570       99.800      327.078      338.141
     644.071       99.800      327.078      338.141
     644.572       99.800      327.078      338.141
     645.073       99.800      327.078      338.141
     645.574       99.800      327.078      338.141
     646.075      101.800      327.078      338.141
     646.575       99.800      327.078      338.141
     647.076       99.800      327.078      338.141
     647.577       99.800      327.078      338.141
     648.078       99.800      327.078      338.141
     648.579       99.800      327.078      338.141
     649.079       99.800      327.078      338.141
     649.580       99.800      327.336      338.141
     650.081       99.800      327.336      338.141
     650.582       99.800      327.336      338.141
     651.083       99.800      327.336      338.141
     651.583       99.800      327.336      338.141
     652.084       99.800      327.336      338.141
     652.585       99.800      327.336      338.141
     653.086       99.800      327.336      338.141
     653.587      101.800      327.336      338.141
     654.088       99.800      327.336      338.141
     654.588       99.800      327.336      338.141
     655.089       99.800      327.336      338.141
     655.590       99.800      327.336      338.141
     656.091       99.800      327.336      338.141
     656.592       99.800      327.336      338.141
     657.093       99.800      327.336      338.141
     657.593       99.800      327.336      338.141
     658.094      101.800      327.336      338.141
     658.595       99.800      327.336      338.141
     659.096       99.800      327.336      338.141
     659.597       99.800      327.336      338.141
     660.098       99.800      327.336      338.141
     660.598       99.800      327.336      338.141
     661.099       99.800      327.336      338.141
     661.600       99.900      327.336      338.141
     662.101       99.800      327.336      338.141
     662.602       99.800      327.336      338.141
     663.102       99.800      327.336      338.141
     663.603       99.800      327.336      338.141
     664.104       99.800      327.336      338.141
     664.605       99.800      327.336      338.141
     665.106       99.800      327.336      338.141
     665.607      101.800      327.336      338.141
     666.107       99.800      327.336      338.141
     666.608       99.800      327.336      338.141
     667.109       99.800      327.336      338.141
     667.610       99.800      327.336      338.141
     668.111       99.800      327.336      338.141
     668.612       99.800      327.336      338.141
     669.112       99.800      327.336      338.141
     669.613       99.800      327.336      338.141
     670.114       99.800      327.336      338.141
     670.615      101.800      327.336      338.141
     671.116       99.800      327.336      338.141
     671.617       99.800      327.336      338.141
     672.117       99.800      327.336      338.141
     672.618       99.800      327.336      338.141
     673.119       99.800      327.336      338.141
     673.620       99.800      327.336      338.141
     674.121       99.800      327.336      338.141
     674.621       99.800      327.336      338.141
     675.122       99.800      327.336      338.141
     675.623       99.800      327.336      338.141
     676.124       99.800      327.336      338.141
     676.625       99.800      327.336      338.141
     677.126       99.700      327.336      338.141
     677.627      101.800      327.336      338.141
     678.128       99.800      327.336      338.141
     678.629       99.800      327.336      338.141
     679.130       99.800      327.336      338.141
     679.630       99.800      327.336      338.141
     680.131       99.800      327.336      338.141
     680.632       99.800      327.336      338.141
     681.133       99.800      327.336      338.141
     681.634       99.800      327.336      338.141
     682.135      101.800      327.336      338.141
     682.635       99.800      327.336      338.141
     683.136       99.800      327.336      338.141
     683.637       99.800      327.336      338.141
     684.138       99.800      327.336      338.141
     684.639       99.800      327.336      338.141
     685.140       99.800      327.336      338.141
     685.640       99.800      327.336      338.141
     686.141       99.800      327.336      338.141
     686.642       99.800      327.336      338.141
     687.143       99.800      327.336      338.141
     687.644       99.800      327.336      338.141
     688.144       99.800      327.336      338.141
     688.645       99.800      327.336      338.141
     689.146       99.800      327.336      338.141
     689.647      101.800      327.336      338.141
     690.148       99.800      327.336      338.141
     690.649       99.800      327.336      338.141
     691.150       99.800      327.336      338.141
     691.650       99.900      327.336      338.141
     692.151       99.800      327.336      338.141
     692.652       99.800      327.336      338.141
     693.153       99.800      327.336      338.141
     693.654       99.800      327.336      338.141
     694.154      101.800      327.336      338.141
     694.655       99.800      327.336      338.141
     695.156       99.800      327.336      338.141
     695.657       99.800      327.336      338.141
     696.158       99.800      327.336      338.141
     696.658       99.800      327.336      338.141
     697.159       99.800      327.336      338.141
     697.660       99.800      327.336      338.141
     698.161       99.800      327.336      338.141
     698.662       99.800      327.336      338.141
     699.163       99.800      327.336      338.141
     699.663       99.800      327.336      338.141
     700.164       99.800      327.336      338.141
     700.665       99.800      327.336      338.141
     701.166       99.800      327.336      338.141
     701.667      101.800      327.336      338.141
     702.168       99.800      327.336      338.141
     702.668       99.800      327.336      338.141
     703.169       99.800      327.336      338.141
     703.670       99.800      327.336      338.141
     704.171       99.800      327.336      338.141
     704.672       99.800      327.336      338.141
     705.173       99.800      327.336      338.141
     705.673       99.800      327.336      338.141
     706.174       99.800      327.336      338.141
     706.675      101.800      327.336      338.141
     707.176       99.800      327.336      338.141
     707.677       99.800      327.336      338.141
     708.178       99.800      327.336      338.141
     708.678       99.800      327.336      338.141
     709.179       99.800      327.336      338.141
     709.680       99.800      327.336      338.141
     710.181       99.800      327.336      338.141
     710.682       99.800      327.336      338.141
     711.182       99.800      327.336      338.141
     711.683       99.800      327.336      338.141
     712.184       99.800      327.336      338.141
     712.685       99.800      327.336      338.141
     713.186       99.800      327.336      338.141
     713.687      101.800      327.336      338.141
     714.187       99.800      327.336      338.141
     714.688       99.800      327.336      338.141
     715.189       99.800      327.336      338.141
     715.690       99.800      327.336      338.141
     716.191       99.800      327.336      338.141
     716.692      101.800      327.336      338.141
     717.192       99.800      327.336      338.141
     717.693       99.800      327.336      338.141
     718.194       99.800      327.336      338.141
     718.695       99.800      327.336      338.141
     719.196       99.800      327.336      338.141
     719.697       99.800      327.336      338.141
     720.197       99.800      327.336      338.141
     720.698       99.800      327.336      338.141
     721.199      101.800      327.336      338.141
     721.700       99.800      327.336      338.141
     722.201       99.800      327.336      338.141
     722.701       99.800      327.336      338.141
     723.202       99.800      327.336      338.141
     723.703       99.800      327.336      338.141
     724.204       99.800      327.336      338.141
     724.705       99.800      327.336      338.141
     725.206       99.800      327.336      338.141
     725.706       99.800      327.336      338.141
     726.207       99.800      327.336      338.141
     726.708       99.800      327.336      338.141
     727.209       99.800      327.336      338.141
     727.710       99.800      327.336      338.141
     728.210      101.800      327.336      338.141
     728.711       99.800      327.336      338.141
     729.212       99.800      327.336      338.141
     729.713       99.800      327.336      338.141
     730.214       99.800      327.336      338.141
     730.715       99.800      327.336      338.141
     731.215       99.800      327.336      338.141
     731.716       99.800      327.336      338.141
     732.217       99.800      327.336      338.141
     732.718       99.800      327.336      338.141
     733.219      101.800      327.336      338.141
     733.720       99.800      327.336      338.141
     734.220       99.800      327.336      338.141
     734.721       99.800      327.336      338.141
     735.222       99.800      327.336      338.141
     735.723       99.800      327.336      338.141
     736.224       99.800      327.336      338.141
     736.725       99.800      327.336      338.141
     737.225       99.800      327.336      338.141
     737.726       99.800      327.336      338.141
     738.227       99.800      327.336      338.141
     738.728       99.800      327.336      338.141
     739.229       99.800      327.336      338.141
     739.730       99.800      327.336      338.141
     740.230      101.800      327.336      338.141
     740.731       99.800      327.336      338.141
     741.232       99.800      327.336      338.141
     741.733       99.800      327.336      338.141
     742.234       99.800      327.336      338.141
     742.735       99.800      327.336      338.141
     743.235       99.800      327.336      338.141
     743.736       99.800      327.336      338.141
     744.237       99.800      327.336      338.141
     744.738       99.800      327.336      338.141
     745.239       99.800      327.336      338.141
     745.740       99.800      327.336      338.141
     746.240       99.800      327.336      338.141
     746.741       99.800      327.336      338.141
     747.242       99.800      327.336      338.141
     747.743      101.800      327.336      338.141
     748.244       99.800      327.336      338.141
     748.745       99.800      327.336      338.141
     749.245       99.800      327.336      338.141
     749.746       99.800      327.336      338.141
     750.247       99.800      327.336      338.141
     750.748       99.800      327.336      338.141
     751.249       99.800      327.336      338.141
     751.749       99.800      327.336      338.141
     752.250       99.800      327.336      338.141
     752.751      101.800      327.336      338.141
     753.252       99.800      327.336      338.141
     753.753       99.800      327.336      338.141
     754.254       99.800      327.336      338.141
     754.754       99.800      327.336      338.141
     755.255       99.800      327.336      338.141
     755.756       99.800      327.336      338.141
     756.257       99.800      327.336      338.141
     756.758       99.800      327.336      338.141
     757.258       99.800      327.336      338.141
     757.759       99.800      327.336      338.141
     758.260       99.800      327.336      338.141
     758.761       99.800      327.336      338.141
     759.262       99.800      327.336      338.141
     759.763      101.800      327.336      338.141
     760.263       99.800      327.336      338.141
     760.764       99.800      327.336      338.141
     761.265       99.800      327.336      338.141
     761.766       99.800      327.336      338.141
     762.267       99.800      327.336      338.141
     762.768       99.800      327.336      338.141
     763.268       99.800      327.336      338.141
     763.769       99.800      327.336      338.141
     764.270       99.800      327.336      338.141
     764.771      101.800      327.336      338.141
     765.272       99.800      327.336      338.141
     765.772       99.800      327.336      338.141
     766.273       99.800      327.336      338.141
     766.774       99.800      327.336      338.141
     767.275       99.800      327.336      338.141
     767.776       99.800      327.336      338.141
     768.277       99.800      327.336      338.141
     768.777       99.800      327.336      338.141
     769.278       99.800      327.336      338.141
     769.779       99.800      327.336      338.141
     770.280       99.800      327.336      338.141
     770.781       99.800      327.336      338.141
     771.282       99.800      327.336      338.141
     771.782      101.800      327.336      338.141
     772.283       99.800      327.336      338.141
     772.784       99.800      327.336      338.141
     773.285       99.800      327.336      338.141
     773.786       99.800      327.336      338.141
     774.287       99.800      327.336      338.141
     774.787       99.800      327.336      338.141
     775.288       99.800      327.336      338.141
     775.789       99.800      327.336      338.141
     776.290       99.800      327.336      338.141
     776.791      101.800      327.336      338.141
     777.291       99.800      327.336      338.141
     777.792       99.800      327.336      338.141
     778.293       99.800      327.336      338.141
     778.794       99.800      327.336      338.141
     779.295       99.800      327.336      338.141
     779.796       99.800      327.336      338.141
     780.296       99.800      327.336      338.141
     780.797       99.800      327.336      338.141
     781.298       99.800      327.336      338.141
     781.799       99.800      327.336      338.141
     782.300       99.800      327.336      338.141
     782.800       99.800      327.336      338.141
     783.301       99.800      327.336      338.141
     783.802       99.800      327.336      338.141
     784.303      101.800      327.336      338.141
     784.804       99.800      327.336      338.141
     785.305       99.800      327.336      338.141
     785.805       99.800      327.336      338.141
     786.306       99.800      327.336      338.141
     786.807       99.800      327.336      338.141
     787.308       99.800      327.336      338.141
     787.809       99.800      327.336      338.141
     788.310       99.800      327.336      338.141
     788.810      101.800      327.336      338.141
     789.311       99.800      327.336      338.141
     789.812       99.800      327.336      338.141
     790.313       99.800      327.336      338.141
     790.814       99.800      327.336      338.141
     791.314       99.800      327.336      338.141
     791.815       99.800      327.336      338.141
     792.316       99.800      327.336      338.141
     792.817       99.800      327.336      338.141
     793.318       99.800      327.336      338.141
     793.819       99.800      327.336      338.141
     794.319       99.800      327.336      338.141
     794.820       99.800      327.336      338.141
     795.321       99.800      327.336      338.141
     795.822       99.800      327.336      338.141
     796.323      101.800      327.336      338.141
     796.824       99.800      327.336      338.141
     797.324       99.800      327.336      338.141
     797.825       99.800      327.336      338.141
     798.326       99.800      327.336      338.141
     798.827       99.800      327.336      338.141
     799.328       99.800      327.336      338.141
     799.829       99.800      327.336      338.141
     800.329       99.800      327.336      338.141
     800.830      101.800      327.336      338.141
     801.331       99.800      327.336      338.141
     801.832       99.800      327.336      338.141
     802.333       99.800      327.336      338.141
     802.834       99.800      327.336      338.141
     803.334       99.800      327.336      338.141
     803.835       99.800      327.336      338.141
     804.336       99.800      327.336      338.141
     804.837       99.800      327.336      338.141
     805.338       99.800      327.336      338.141
     805.839       99.800      327.336      338.141
     806.339       99.800      327.336      338.141
     806.840       99.800      327.336      338.141
     807.341       99.800      327.336      338.141
     807.842       99.800      327.336      338.141
     808.343      101.800      327.336      338.141
     808.844       99.800      327.336      338.141
     809.344       99.800      327.336      338.141
     809.845       99.800      327.336      338.141
     810.346       99.800      327.336      338.141
     810.846       99.900      327.336      338.141
     811.347       99.800      327.336      338.141
     811.848       99.800      327.336      338.141
     812.349       99.800      327.336      338.141
     812.850       99.800      327.336      338.141
     813.351      101.800      327.336      338.141
     813.851       99.800      327.336      338.141
     814.352       99.800      327.336      338.141
     814.853       99.800      327.336      338.141
     815.354       99.800      327.336      338.141
     815.855       99.800      327.336      338.141
     816.355       99.800      327.336      338.141
     816.856       99.800      327.336      338.141
     817.357       99.800      327.336      338.141
     817.858       99.800      327.336      338.141
     818.359       99.800      327.336      338.141
     818.860       99.800      327.336      338.141
     819.360       99.800      327.336      338.141
     819.861       99.800      327.336      338.141
     820.362       99.800      327.336      338.141
     820.863      101.800      327.336      338.141
     821.364       99.800      327.336      338.141
     821.865       99.800      327.336      338.141
     822.365       99.800      327.336      338.141
     822.866       99.800      327.336      338.141
     823.367       99.800      327.336      338.141
     823.868       99.800      327.336      338.141
     824.369       99.800      327.336      338.141
     824.870       99.800      327.336      338.141
     825.370      101.800      327.336      338.141
     825.871       99.800      327.336      338.141
     826.372       99.800      327.336      338.141
     826.873       97.800      327.336      338.141
     827.374       99.800      327.336      338.141
     827.874      101.800      327.336      338.141
     828.375       99.800      327.336      338.141
     828.876       99.800      327.336      338.141
     829.377       99.800      327.336      338.141
     829.878       99.800      327.336      338.141
     830.379       99.800      327.336      338.141
     830.879       99.800      327.336      338.141
     831.380       99.800      327.336      338.141
     831.881       99.800      327.336      338.141
     832.382       99.800      327.336      338.141
     832.883      101.800      327.336      338.141
     833.384       99.800      327.336      338.141
     833.884       99.800      327.336      338.141
     834.385       99.800      327.336      338.141
     834.886       99.800      327.336      338.141
     835.387       99.800      327.336      338.141
     835.888       99.800      327.336      338.141
     836.388       99.800      327.336      338.141
     836.889       99.800      327.336      338.141
     837.390       99.800      327.336      338.141
     837.891       99.800      327.336      338.141
     838.392       99.800      327.336      338.141
     838.893       99.800      327.336      338.141
     839.393       99.800      327.336      338.141
     839.894       99.800      327.336      338.141
     840.395      101.800      327.336      338.141
     840.896       99.800      327.336      338.141
     841.397       99.800      327.336      338.141
     841.897       99.800      327.336      338.141
     842.398       99.800      327.336      338.141
     842.899       99.800      327.336      338.141
     843.400       99.800      327.336      338.141
     843.901       99.800      327.336      338.141
     844.402       99.800      327.336      338.141
     844.902      101.800      327.336      338.141
     845.403       99.800      327.336      338.141
     845.904       99.800      327.336      338.141
     846.405       99.800      327.336      338.141
     846.906       99.800      327.336      338.141
     847.406       99.800      327.336      338.141
     847.907       99.800      327.336      338.141
     848.408       99.800      327.336      338.141
     848.909       99.800      327.336      338.141
     849.410       99.800      327.336      338.141
     849.911       99.800      327.336      338.141
     850.411       99.800      327.336      338.141
     850.912       99.800      327.336      338.141
     851.413       99.800      327.336      338.141
     851.914       99.800      327.336      338.141
     852.415      101.800      327.336      338.141
     852.916       99.800      327.336      338.141
     853.416       99.800      327.336      338.141
     853.917       99.800      327.336      338.141
     854.418       99.800      327.336      338.141
     854.919       99.800      327.336      338.141
     855.420       99.800      327.336      338.141
     855.921       99.800      327.336      338.141
     856.421       99.800      327.336      338.141
     856.922       99.800      327.336      338.141
     857.423      101.800      327.336      338.141
     857.924       99.800      327.336      338.141
     858.425       99.800      327.594      338.141
     858.926       99.800      327.594      338.141
     859.426       99.800      327.594      338.141
     859.927       99.800      327.594      338.141
     860.428       99.800      327.594      338.141
     860.929       99.800      327.594      338.141
