# Elapsed time   CPU (%)     Real (MB)   Virtual (MB)
       0.000        0.000      753.371     1176.785
       0.502       15.600      753.805     1177.156
       1.005       18.200      753.805     1177.156
       1.518       53.100      667.957     1182.562
       2.033      126.500      851.832     1307.332
       2.545      100.000      872.938     1307.332
       3.055      172.600      956.578     3100.523
       3.561      375.000     1209.812     3100.453
       4.066      400.500     1482.387     3100.453
       4.573      362.500     1666.082     3100.453
       5.078      375.000     1751.996     3100.453
       5.589      381.500     1988.746     3100.453
       6.094      390.600     2224.605     3100.453
       6.604      363.400     2398.254     3100.453
       7.106      343.800     2616.777     3100.453
       7.625      379.200     2626.133     3100.453
       8.131      369.400     2460.965     2911.398
       8.639      100.000      874.715     1312.734
       9.150      100.100      831.434     1297.055
       9.658      290.700     1077.984     3105.922
      10.164      375.000     1303.129     3105.922
      10.671      393.800     1578.531     3105.922
      11.176      354.300     1719.391     3105.922
      11.682      393.800     1867.488     3105.922
      12.188      371.900     2114.664     3105.922
      12.693      388.300     2349.941     3105.922
      13.201      321.900     2461.832     3105.922
      13.708      354.300     2631.301     3105.922
      14.216      375.000     2530.770     2962.887
      14.725      181.700      861.434     1312.730
      15.239      100.100      833.145     1297.051
      15.750      193.800      998.613     3105.922
      16.256      372.500     1236.812     3105.922
      16.762      400.000     1487.871     3105.922
      17.268      355.000     1658.305     3105.922
      17.774      384.400     1776.168     3105.922
      18.280      400.000     2028.645     3105.922
      18.785      360.300     2278.969     3105.922
      19.292      353.100     2432.969     3105.922
      19.799      348.200     2623.723     3105.922
      20.306      381.200     2530.770     2962.883
      20.814      282.200      781.387     1238.348
      21.326      103.100      878.387     1312.730
      21.845      108.700      899.758     3105.922
      22.351      375.000     1164.828     3105.922
      22.858      387.500     1396.613     3105.922
      23.364      342.800     1632.645     3105.922
      23.871      371.900     1753.012     3105.922
      24.376      351.300     1933.789     3105.922
      24.892      388.300     2189.473     3105.922
      25.398      381.200     2376.270     3105.922
      25.905      334.400     2622.258     3105.922
      26.411      381.500     2631.613     3105.922
      26.919      390.600     2530.770     2962.883
      27.427      118.100      869.477     1312.730
      27.939      100.100      825.973     1254.750
      28.448      281.200     1049.723     3105.922
      28.953      384.400     1278.566     3105.922
      29.460      384.600     1487.871     3105.922
      29.965      362.500     1658.301     3105.922
      30.471      375.500     1753.012     3105.922
      30.977      403.100     1903.004     3105.922
      31.483      368.800     2084.105     3105.922
      31.989      379.200     2273.027     3105.992
      32.496      337.500     2403.777     3105.992
      33.002      305.800     2622.301     3105.992
      33.508      390.600     2631.656     3105.992
      34.014      381.200     2530.812     2962.953
      34.522      145.600      867.852     1318.270
      35.034       99.900      836.418     1302.590
      35.545      203.100     1004.113     3111.457
      36.051      375.500     1220.797     3111.457
      36.557      396.900     1438.539     3111.457
      37.063      368.800     1638.145     3111.457
      37.570      336.800     1727.082     3111.457
      38.077      375.000     1841.430     3111.457
      38.583      375.500     2035.043     3111.457
      39.091      371.900     2242.723     3111.457
      39.597      345.200     2409.234     3111.457
      40.105      309.400     2582.250     3111.457
      40.612      376.200     2637.113     3111.457
      41.117      378.100     2536.270     2968.422
      41.624      212.500      862.781     1318.270
      42.134       99.900      883.887     1318.270
      42.646      145.600      952.527     3111.457
      43.152      400.000     1180.246     3111.457
      43.668      381.500     1369.734     3111.457
      44.174      375.500     1584.031     3111.457
      44.682      353.100     1690.340     3111.457
      45.189      355.000     1758.512     3111.457
      45.696      378.100     1946.332     3111.457
      46.202      381.200     2147.039     3111.457
      46.708      372.500     2339.129     3111.457
      47.215      340.600     2438.473     3111.457
      47.724      348.200     2628.848     3111.457
      48.232      381.200     2637.117     3111.457
      48.739      373.200     2536.273     2968.426
      49.246       65.600      761.621     1184.609
      49.749        0.000      761.621     1184.609
      50.266        0.000      761.621     1184.609
      50.769        0.000      761.621     1184.609
      51.276        0.000      761.621     1184.609
