# Elapsed time   CPU (%)     Real (MB)   Virtual (MB)
       0.010        0.000      771.918     1243.867
       0.520       21.200      771.918     1243.867
       1.038       27.300      771.918     1243.867
       1.543       56.200      676.637     1148.398
       2.058       29.400      676.648     1148.398
       2.568        3.100      676.648     1148.398
       3.088        0.000      676.648     1148.398
       3.606        9.100      676.613     1148.332
       4.128        0.000      676.613     1148.332
       4.658        8.800      676.613     1148.332
       5.168        0.000      676.613     1148.332
       5.688        0.000      676.613     1148.332
       6.208        0.000      676.613     1148.332
       6.728        0.000      676.613     1148.332
       7.248        0.000      676.613     1148.332
       7.769        2.900      676.613     1148.332
       8.286        3.000      676.613     1148.332
       8.804       18.200      676.613     1148.332
       9.328       20.600      676.613     1148.332
       9.845       33.400      676.617     1148.332
      10.368       15.100      676.621     1148.332
      10.888        0.000      676.621     1148.332
      11.398       18.200      679.625     1245.879
      11.910      103.000      714.309     1230.199
      12.428       39.400      755.594     1227.465
      12.948        3.000      755.594     1227.465
      13.468        0.000      755.594     1227.465
      13.986       12.100      755.609     1227.465
      14.507       66.600      755.641     1227.465
      15.013      130.500      755.660     1227.465
      15.526      137.500      755.688     1227.527
      16.048        8.800      755.699     1227.527
      16.563      100.000      756.008     1227.652
      17.068       45.400      756.008     1227.652
      17.583        0.000      756.008     1227.652
      18.089        0.000      756.008     1227.652
      18.609        0.000      756.008     1227.652
      19.129        0.000      756.008     1227.652
      19.648        0.000      756.008     1227.652
      20.168        3.000      756.008     1227.652
      20.689        0.000      756.008     1227.652
      21.204        0.000      756.008     1227.652
      21.708        0.000      756.008     1227.652
      22.228       18.200      772.379     1244.051
      22.738       99.900      878.762     1367.633
      23.248      100.000      884.820     1367.633
      23.764       99.900      887.266     1408.188
      24.273      270.000     1005.301     3160.832
      24.784      363.400     1161.754     3160.832
      25.290      378.100     1320.574     3160.832
      25.803      406.600     1484.465     3160.832
      26.318      360.300     1639.078     3160.832
      26.822      340.600     1691.273     3160.832
      27.330      318.000     1747.121     3160.832
      27.848      345.900     1813.578     3160.832
      28.368      360.300     1920.742     3160.832
      28.878      339.100     2051.230     3160.832
      29.388      375.000     2161.477     3160.832
      29.898      345.900     2278.746     3160.832
      30.413      336.100     2361.227     3160.832
      30.926      309.500     2410.168     3160.832
      31.438      327.000     2468.266     3160.832
      31.954      299.800     2628.691     3160.832
      32.474      382.300     2637.727     3160.832
      32.998      384.600     2638.047     3160.832
      33.504      366.400     2537.203     3017.785
      34.027      245.800     1378.871     2971.766
      34.547      103.000      869.180     1373.109
      35.063       99.900      888.797     1373.109
      35.578      100.000      890.285     1373.109
      36.088       99.900      891.004     1384.043
      36.598      100.100      871.137     1407.477
      37.103      334.400     1016.469     3166.305
      37.618      360.300     1134.457     3166.305
      38.138      342.200     1239.055     3166.305
      38.658      353.100     1355.316     3166.305
      39.171      368.800     1476.199     3166.305
      39.678      358.000     1590.445     3166.305
      40.183      309.400     1670.094     3166.305
      40.688      351.300     1696.738     3166.305
      41.193      318.800     1733.648     3166.305
      41.698      346.900     1812.301     3166.305
      42.203      348.200     1921.559     3166.305
      42.723      373.200     2056.695     3166.305
      43.243      378.500     2164.523     3166.305
      43.768      376.600     2286.852     3166.305
      44.289      314.900     2388.156     3166.305
      44.798      342.800     2438.953     3166.305
      45.308      346.900     2473.734     3166.305
      45.828      308.400     2635.250     3166.305
      46.348      382.300     2643.203     3166.305
      46.858      393.700     2643.516     3166.305
      47.373      362.500     2542.672     3023.258
      47.890      129.500      829.016     1373.102
      48.407       90.800      879.895     1373.102
      48.928       97.100      890.289     1373.102
      49.443       96.900      890.289     1373.102
      49.958       96.900      843.336     1357.418
      50.468      100.100      904.195     3091.449
      50.983      351.300     1020.824     3166.297
      51.494      350.000     1146.590     3166.297
      52.008      342.200     1243.270     3166.297
      52.528      391.400     1376.137     3166.297
      53.048      367.800     1491.562     3166.297
      53.568      372.500     1614.312     3166.297
      54.086      330.100     1670.203     3166.297
      54.598      336.800     1733.531     3166.297
      55.118      345.200     1776.172     3166.297
      55.638      354.300     1891.051     3166.297
      56.158      356.000     2011.391     3166.297
      56.678      351.900     2133.703     3166.297
      57.198      333.100     2244.945     3166.297
      57.718      309.000     2345.531     3166.297
      58.223      306.200     2415.637     3166.297
      58.730      331.200     2473.734     3166.297
      59.248      314.900     2634.160     3166.297
      59.763      382.500     2643.195     3166.297
      60.286      375.500     2643.516     3166.297
      60.798      348.900     2542.672     3023.254
      61.318      227.100      882.344     2977.234
      61.830       99.900      873.902     1373.102
      62.338      100.000      890.289     1373.102
      62.854      100.100      890.289     1373.102
      63.368       99.900      849.738     1336.270
      63.888       96.900      891.156     1407.469
      64.408      329.600     1022.059     3166.297
      64.928      364.100     1142.453     3166.297
      65.443      327.000     1237.996     3166.297
      65.948      381.200     1360.258     3166.297
      66.468      353.100     1483.496     3166.297
      66.983      369.400     1590.453     3166.297
      67.508      330.100     1670.203     3166.297
      68.028      339.800     1733.484     3166.297
      68.532      321.000     1765.086     3166.297
      69.038      350.000     1891.051     3166.297
      69.548      379.200     2000.863     3166.297
      70.053      365.600     2118.395     3166.297
      70.558      359.400     2237.332     3166.297
      71.078      340.700     2345.531     3166.297
      71.598      321.600     2407.734     3166.297
      72.118      342.200     2444.875     3166.297
      72.638      272.500     2629.680     3166.297
      73.158      382.500     2643.195     3166.297
      73.665      381.200     2643.516     3166.297
      74.183      361.000     2542.672     3023.254
      74.708      267.300     1466.363     2977.234
      75.218      100.100      869.184     1373.102
      75.728      100.000      885.480     1373.102
      76.243      103.000      890.289     1373.102
      76.748       96.900      891.008     1384.035
      77.252      103.000      914.648     1413.656
      77.769      242.700      967.086     3166.297
      78.278      353.100     1089.887     3166.297
      78.783      345.200     1186.648     3166.297
      79.288      381.200     1307.426     3166.297
      79.794      384.400     1409.078     3166.297
      80.303      358.000     1520.910     3166.297
      80.818      318.000     1629.918     3166.297
      81.338      333.100     1682.164     3166.297
      81.848      348.900     1733.652     3166.297
      82.368      345.200     1789.180     3166.297
      82.873      343.800     1897.961     3166.297
      83.383      387.600     2020.238     3166.297
      83.890      355.000     2140.273     3166.297
      84.404      381.500     2257.852     3166.297
      84.918      371.900     2361.844     3166.297
      85.428      327.700     2415.637     3166.297
      85.948      324.000     2473.734     3166.297
      86.458      302.800     2634.160     3166.297
      86.970      355.000     2643.195     3166.297
      87.488      384.600     2643.516     3166.297
      87.995      348.200     2542.672     3023.254
      88.512      221.900      915.457     2977.234
      89.028       97.100      880.012     1378.578
      89.548       94.200      895.746     1378.578
      90.068       99.900      895.746     1378.578
      90.588       96.900      848.793     1362.895
      91.108      100.000      909.652     3096.922
      91.628      369.400     1039.605     3171.734
      92.148      370.100     1153.211     3171.734
      92.668      345.200     1264.414     3171.734
      93.186      359.000     1381.574     3171.734
      93.703      393.700     1486.340     3171.734
      94.208      359.400     1595.887     3171.734
      94.726      333.700     1657.977     3171.734
      95.238      339.100     1702.180     3171.734
      95.743      312.500     1770.352     3171.734
      96.268      353.100     1869.246     3171.734
      96.778      346.900     1968.953     3171.734
      97.298      373.700     2093.043     3171.734
      97.808      365.600     2215.387     3171.734
      98.318      354.300     2333.750     3171.734
      98.834      336.100     2393.609     3171.734
      99.348      351.900     2450.312     3171.734
      99.858      278.600     2610.871     3171.734
     100.370      362.500     2644.559     3171.734
     100.879      372.500     2648.953     3171.734
     101.398      361.000     2548.109     3028.691
     101.903      346.900     2083.758     2982.668
     102.418       96.900      874.621     1378.543
     102.933       94.100      892.414     1378.543
     103.458       99.900      895.727     1378.543
     103.968       94.100      896.445     1389.477
     104.488       93.900      919.203     1419.098
     105.004      272.500      987.074     3171.734
     105.518      327.700     1106.820     3171.734
     106.038      354.300     1211.113     3171.734
     106.558      345.900     1323.738     3171.734
     107.078      349.500     1441.312     3171.734
     107.588      381.200     1555.723     3171.734
     108.098      327.700     1650.312     3171.734
     108.608      324.000     1702.180     3171.734
     109.118      318.800     1746.727     3171.734
     109.638      342.200     1824.406     3171.734
     110.158      359.000     1934.508     3171.734
     110.678      342.800     2062.137     3171.734
     111.188      357.300     2178.062     3171.734
     111.707      363.400     2296.309     3171.734
     112.218      330.700     2393.609     3171.734
     112.723      334.400     2421.074     3171.734
     113.228      321.900     2463.129     3171.734
     113.744      299.800     2599.828     3171.734
     114.268      359.000     2648.633     3171.734
     114.773      378.100     2648.953     3171.734
     115.278      362.500     2548.109     3028.691
     115.788      321.000     1924.562     2982.668
     116.298      127.400      772.730     1244.387
     116.808        6.200      772.770     1244.387
     117.318        0.000      772.770     1244.387
     117.835        0.000      772.770     1244.387
     118.348        0.000      772.770     1244.387
     118.868        0.000      772.770     1244.387
     119.388        0.000      772.770     1244.387
     119.909        0.000      772.770     1244.387
     120.429        0.000      772.770     1244.387
     120.948        0.000      772.770     1244.387
     121.469        0.000      772.770     1244.387
     121.988        0.000      772.770     1244.387
