# Elapsed time   CPU (%)     Real (MB)   Virtual (MB)
       0.003        0.000      565.707     1146.645
       0.217        0.000      565.707     1146.645
       0.417        0.000      565.707     1146.645
       0.637        0.000      565.707     1146.645
       0.858        7.100      565.707     1146.645
       1.077        7.200      565.711     1146.645
       1.278        7.700      565.711     1146.645
       1.498       35.800      565.711     1146.645
       1.718       28.500      565.711     1146.645
       1.933      157.000      565.141     1146.711
       2.138      130.800      583.641     1171.160
       2.348      331.000      668.180     1551.527
       2.552      400.200      750.762     1551.527
       2.767      406.700      867.090     1551.527
       2.973      361.800      950.000     1551.527
       3.173      331.000      589.562     1490.859
       3.392      149.800      610.516     1551.527
       3.612      399.500      704.809     1551.527
       3.828      387.000      806.816     1551.461
       4.037      375.300      889.848     1551.461
       4.238      323.300      951.734     1551.461
       4.458      229.400      586.645     1170.551
       4.662      283.400      656.152     1551.461
       4.882      401.400      743.957     1551.461
       5.087      399.500      844.629     1551.461
       5.288      357.400      949.336     1551.461
       5.507      336.900      764.031     1490.793
       5.707      100.100      583.488     1182.109
       5.917      371.000      686.020     1551.461
       6.122      400.200      772.156     1551.461
       6.327      392.500      867.352     1551.461
       6.537      344.700      951.734     1551.461
       6.743      293.900      582.562     1170.551
       6.957      192.400      628.250     1551.461
       7.178      359.000      715.168     1551.461
       7.393      392.500      816.223     1551.461
       7.598      306.800      889.848     1551.461
       7.807      354.100      913.707     1495.105
       8.012      169.300      574.492     1163.840
       8.217      307.900      662.238     1551.461
       8.437      385.300      755.973     1551.461
       8.642      377.200      867.055     1551.461
       8.858      335.300      949.336     1551.461
       9.077      315.400      565.922     1146.645
       9.288      145.500      612.242     1551.461
       9.507      372.700      706.465     1551.461
       9.727      385.600      811.012     1551.461
       9.937      369.500      889.848     1551.461
      10.147      354.100      916.164     1509.062
      10.357      185.500      570.598     1163.840
      10.563      307.900      668.168     1551.461
      10.773      377.200      756.055     1551.461
      10.973      400.200      854.598     1551.461
      11.177      300.200      949.336     1551.461
      11.392      356.700      613.406     1490.793
      11.598      123.200      601.504     1551.461
      11.807      385.300      692.262     1551.461
      12.027      399.500      787.766     1551.461
      12.242      384.900      881.043     1551.461
      12.447      329.700      951.734     1551.461
      12.667      206.900      586.578     1170.551
      12.887      306.800      668.168     1551.461
      13.092      400.200      759.105     1551.461
      13.293      400.200      863.938     1551.461
      13.507      315.600      949.336     1551.461
      13.717      378.100      775.527     1490.793
      13.927      123.200      601.504     1551.461
      14.127      377.200      692.262     1551.461
      14.347      399.500      792.852     1551.461
      14.562      371.000      875.664     1551.461
      14.777      363.900      951.734     1551.461
      14.983      192.400      585.145     1170.551
      15.187      254.000      648.512     1551.461
      15.407      378.100      745.602     1551.461
      15.627      358.400      858.891     1551.461
      15.842      342.500      949.336     1551.461
      16.047      354.100      565.922     1146.645
      16.263      164.100      612.242     1551.461
      16.477      399.500      710.758     1551.461
      16.677      392.700      802.270     1551.461
      16.888      385.300      889.848     1551.461
      17.107      363.900      951.734     1551.461
      17.317      215.500      569.164     1163.840
      17.522      292.500      657.441     1551.461
      17.738      354.100      751.426     1551.461
      17.942      400.200      844.629     1551.461
      18.157      378.100      949.336     1551.461
      18.377      379.900      748.844     1490.793
      18.577      123.200      594.477     1551.461
      18.797      363.900      692.262     1551.461
      18.997      384.900      780.355     1551.461
      19.207      342.500      875.664     1551.461
      19.427      363.900      951.734     1551.461
      19.638      238.600      584.352     1170.551
      19.847      238.600      646.152     1551.461
      20.057      378.100      740.398     1551.461
      20.263      400.200      829.539     1551.461
      20.467      361.800      948.125     1551.461
      20.667      331.000      913.707     1495.105
      20.868       69.300      565.980     1146.645
      21.088       42.800      565.980     1146.645
      21.307        0.000      565.980     1146.645
      21.528        0.000      565.961     1146.609
      21.748        0.000      565.961     1146.609
      21.968        7.100      565.961     1146.609
      22.188        0.000      565.961     1146.609
      22.407        0.000      565.961     1146.609
      22.628        0.000      565.961     1146.609
      22.848        0.000      565.961     1146.609
      23.048        7.700      565.965     1146.609
      23.248        0.000      565.965     1146.609
      23.468        0.000      565.965     1146.609
      23.687        7.100      565.965     1146.609
      23.907        7.100      565.965     1146.609
      24.108        0.000      565.965     1146.609
      24.328        0.000      565.965     1146.609
      24.548        0.000      565.965     1146.609
      24.768        0.000      565.965     1146.609
      24.978        0.000      565.965     1146.609
