# Elapsed time   CPU (%)     Real (MB)   Virtual (MB)
       0.010        0.000      563.160     1148.707
       0.220        0.000      563.160     1148.707
       0.440        0.000      563.160     1148.707
       0.640       15.400      563.164     1148.707
       0.860       28.700      563.172     1148.707
       1.060       15.300      563.199     1148.707
       1.280       21.500      563.199     1148.707
       1.500       21.400      563.199     1148.707
       1.710       84.700      549.574     1148.773
       1.915      107.800      581.793     1172.684
       2.127      228.300      628.367     1553.598
       2.330      392.500      712.590     1553.598
       2.539      384.900      813.699     1553.598
       2.764      365.700      890.523     1553.598
       2.975      384.900      911.184     1497.238
       3.190      149.800      581.109     1173.223
       3.399      346.400      673.031     1553.598
       3.610      401.400      757.777     1553.598
       3.819      390.600      853.289     1553.531
       4.030      358.400      946.789     1553.531
       4.240      369.500      911.160     1497.172
       4.450       92.800      582.609     1172.617
       4.665      246.300      637.156     1553.531
       4.869      385.300      718.867     1553.531
       5.080      392.500      807.758     1553.531
       5.300      363.900      878.738     1553.531
       5.520      342.500      949.188     1553.531
       5.740      286.700      566.957     1172.617
       5.955      171.200      609.695     1553.531
       6.160      346.400      689.723     1553.531
       6.379      399.500      784.449     1553.531
       6.580      377.200      873.125     1553.531
       6.795      321.100      949.195     1553.531
       7.010      249.700      580.594     1172.617
       7.229      236.500      637.852     1554.082
       7.440      398.300      733.527     1554.082
       7.645      400.200      826.625     1554.082
       7.860      379.900      947.348     1554.082
       8.065      375.300      911.719     1497.727
       8.280       93.200      576.961     1184.730
       8.489      377.200      684.031     1554.082
       8.709      385.300      778.367     1554.082
       8.919      385.300      873.676     1554.082
       9.130      338.700      949.746     1554.082
       9.340      249.700      581.312     1173.168
       9.549      192.400      626.262     1554.082
       9.770      363.900      715.188     1554.082
       9.990      365.500      817.230     1554.082
      10.200      356.700      887.859     1554.082
      10.419      335.300      949.746     1554.082
      10.629      238.600      582.754     1173.168
      10.840      228.300      632.996     1554.082
      11.050      384.900      715.188     1554.082
      11.255      392.500      808.473     1554.082
      11.470      356.700      887.859     1554.082
      11.680      377.200      949.746     1554.082
      11.880      192.400      582.441     1173.168
      12.099      192.600      632.543     1554.082
      12.305      377.200      706.031     1554.082
      12.510      399.500      803.980     1554.082
      12.729      372.700      865.363     1554.082
      12.950      278.300      947.348     1554.082
      13.160      377.200      911.719     1497.727
      13.380      121.300      571.484     1184.730
      13.589      356.700      684.031     1554.082
      13.790      384.400      759.613     1554.082
      14.000      371.000      861.949     1554.082
      14.220      356.700      947.977     1554.082
      14.430      284.800      572.102     1173.168
      14.630      169.300      614.648     1554.082
      14.840      399.500      708.832     1554.082
      15.045      400.200      803.398     1554.082
      15.258      356.700      887.859     1554.082
      15.470      379.900      949.746     1554.082
      15.695      285.400      719.590     1493.410
      15.920       85.600      583.602     1173.168
      16.140      235.400      617.023     1554.082
      16.355      387.000      697.641     1554.082
      16.564      398.300      791.098     1554.082
      16.780      401.400      865.367     1554.082
      16.980      354.100      948.086     1554.082
      17.199      313.900      580.609     1173.137
      17.410      177.000      616.703     1554.051
      17.630      392.400      696.730     1554.051
      17.840      399.500      796.359     1554.051
      18.060      371.000      887.848     1554.051
      18.270      354.100      949.734     1554.051
      18.490      286.700      581.176     1173.137
      18.710      206.900      628.891     1554.051
      18.920      378.100      702.773     1554.051
      19.129      377.200      794.785     1554.051
      19.340      399.500      873.664     1554.051
      19.559      335.300      949.734     1554.051
      19.760      238.600      580.879     1173.137
      19.980      207.900      626.250     1554.051
      20.189      375.300      706.020     1554.051
      20.410      401.400      803.047     1554.051
      20.624      349.600      873.664     1554.051
      20.840      335.300      949.734     1554.051
      21.049      331.000      585.426     1493.379
      21.250      100.100      571.473     1184.699
      21.469      378.100      684.020     1554.051
      21.670      400.200      753.801     1554.051
      21.880      400.200      820.387     1554.051
      22.084      277.100      887.832     1554.051
      22.285      323.300      949.734     1554.051
      22.490      331.000      685.551     1493.379
      22.709       71.300      565.141     1146.289
      22.929        7.100      565.184     1146.289
      23.140        0.000      565.184     1146.289
      23.349        0.000      565.184     1146.289
      23.550        0.000      565.184     1146.289
      23.770        0.000      565.184     1146.289
      23.990        0.000      565.184     1146.289
      24.190        0.000      565.184     1146.289
      24.410        0.000      565.184     1146.289
      24.630        7.100      565.184     1146.289
      24.850        0.000      565.184     1146.289
      25.070        0.000      565.184     1146.289
      25.290        0.000      565.184     1146.289
      25.510        0.000      565.184     1146.289
      25.730        0.000      565.184     1146.289
      25.930        0.000      565.184     1146.289
