# Elapsed time   CPU (%)     Real (MB)   Virtual (MB)
       0.000        0.000     1013.004     1132.859
       0.211        0.000     1013.004     1132.859
       0.411        0.000     1013.004     1132.859
       0.631        7.100     1013.008     1132.859
       0.851        0.000     1013.008     1132.859
       1.070        7.100     1013.020     1132.859
       1.290       78.800     1013.379     1133.074
       1.490      183.800     1007.691     1134.508
       1.710      107.500     1046.457     1175.141
       1.920      123.200     1075.832     1919.730
       2.140      399.500     1183.070     1919.730
       2.360      359.000     1250.312     1919.730
       2.570      361.800     1331.371     1919.730
       2.790      401.400     1436.754     1919.730
       3.010      328.200     1538.672     1919.730
       3.215      384.900     1600.883     1919.730
       3.430      371.000     1642.285     1919.664
       3.645      299.700     1750.594     1919.664
       3.846      377.200     1768.188     1919.664
       4.059      400.200     1707.016     1827.898
       4.274      206.900     1044.309     1175.074
       4.490       99.900     1054.613     1920.613
       4.704      379.900     1176.309     1920.613
       4.915      338.700     1251.230     1920.613
       5.122      375.300     1312.270     1920.613
       5.340      401.400     1421.449     1920.613
       5.545      369.500     1494.473     1920.613
       5.750      298.700     1562.863     1920.613
       5.950      331.000     1630.914     1920.613
       6.160      344.000     1670.820     1920.613
       6.370      329.400     1765.402     1920.613
       6.580      379.900     1769.141     1920.613
       6.790      400.200     1707.969     1828.848
       6.990      145.500     1046.602     1176.023
       7.190      146.200     1076.750     1920.613
       7.410      379.900     1183.988     1920.613
       7.630      371.000     1251.230     1920.613
       7.840      354.100     1328.586     1920.613
       8.055      399.500     1437.672     1920.613
       8.270      378.100     1539.590     1920.613
       8.470      342.600     1601.801     1920.613
       8.685      365.700     1643.238     1920.613
       8.905      329.700     1758.133     1920.613
       9.120      383.000     1769.141     1920.613
       9.330      401.400     1707.969     1828.848
       9.540      169.300     1045.840     1176.023
       9.745      122.500     1066.770     1920.613
       9.960      322.500     1183.988     1920.613
      10.170      331.000     1251.230     1920.613
      10.390      378.100     1336.715     1920.613
      10.600      335.300     1437.672     1920.613
      10.805      354.100     1539.590     1920.613
      11.010      354.100     1601.801     1920.613
      11.230      342.500     1643.238     1920.613
      11.450      299.700     1765.402     1920.613
      11.670      379.900     1769.141     1920.613
      11.890      398.900     1707.969     1828.848
      12.110      100.100     1049.918     1176.023
      12.326      192.600     1109.898     1921.559
      12.545      380.600     1206.922     1921.559
      12.760      369.500     1267.141     1921.559
      12.965      392.500     1367.105     1921.559
      13.169      361.800     1450.414     1921.559
      13.380      356.700     1563.809     1921.559
      13.585      331.000     1623.949     1921.559
      13.795      384.900     1644.184     1921.559
      14.010      328.200     1766.348     1921.559
      14.224      378.100     1770.086     1921.559
      14.430      377.200     1708.914     1829.793
      14.650      142.700     1049.258     1176.969
      14.870      185.500     1096.348     1921.559
      15.090      379.900     1206.848     1921.559
      15.295      323.300     1267.148     1921.559
      15.510      399.500     1350.629     1921.559
      15.715      392.500     1438.625     1921.559
      15.920      377.200     1548.230     1921.559
      16.130      321.100     1602.754     1921.559
      16.350      349.600     1644.191     1921.559
      16.575      335.300     1766.363     1921.559
      16.790      401.400     1770.102     1921.559
      17.000      398.300     1708.930     1829.793
      17.220      164.900     1049.500     1176.969
      17.426      185.500     1091.406     1921.559
      17.635      377.200     1193.828     1921.559
      17.845      346.400     1267.156     1921.559
      18.050      399.500     1345.672     1921.559
      18.255      354.100     1438.633     1921.559
      18.455      382.300     1536.016     1921.559
      18.655      377.200     1602.719     1921.559
      18.865      349.600     1632.023     1921.559
      19.090      315.400     1733.859     1921.559
      19.300      356.700     1770.102     1921.559
      19.500      400.200     1708.930     1829.793
      19.710      261.700     1022.254     1176.969
      19.925       99.900     1023.934     1165.652
      20.140      300.200     1131.598     1921.559
      20.355      363.900     1206.938     1921.559
      20.575      347.200     1267.156     1921.559
      20.789      369.500     1325.949     1921.559
      21.010      399.500     1422.410     1921.559
      21.230      363.900     1510.754     1921.559
      21.450      328.200     1579.543     1921.559
      21.670      400.600     1632.023     1921.559
      21.890      323.300     1671.781     1921.559
      22.110      342.500     1766.363     1921.559
      22.315      378.100     1770.102     1921.559
      22.530      338.700     1091.469     1822.141
      22.750       99.900     1047.023     1177.918
      22.967      250.900     1118.887     1921.559
      23.180      378.100     1206.938     1921.559
      23.395      328.200     1267.156     1921.559
      23.605      361.800     1333.180     1921.559
      23.815      385.300     1411.859     1921.559
      24.025      346.400     1492.871     1921.559
      24.235      369.500     1563.824     1921.559
      24.440      356.700     1631.875     1921.559
      24.655      384.900     1644.199     1921.559
      24.860      349.600     1671.781     1921.559
      25.080      292.500     1766.363     1921.559
      25.300      373.900     1770.102     1921.559
      25.510      377.200     1708.930     1829.793
      25.730      185.500     1046.211     1176.969
      25.940       99.900     1054.660     1185.570
      26.160      379.900     1159.555     1921.559
      26.370      360.000     1250.254     1921.559
      26.575      323.300     1268.066     1921.559
      26.790      379.900     1354.223     1921.559
      27.010      363.900     1438.633     1921.559
      27.225      399.500     1521.277     1921.559
      27.430      361.800     1579.543     1921.559
      27.640      338.700     1632.000     1921.559
      27.850      363.900     1644.199     1921.559
      28.050      346.400     1734.566     1921.559
      28.270      385.300     1770.102     1921.559
      28.485      369.500     1770.102     1921.559
      28.710      240.400     1016.887     1136.398
      28.910      100.100     1034.875     1177.918
      29.130      235.400     1118.160     1921.559
      29.340      384.900     1206.938     1921.559
      29.550      399.500     1252.223     1921.625
      29.760      392.500     1313.262     1921.625
      29.970      361.800     1369.867     1921.625
      30.180      335.300     1443.496     1921.625
      30.390      377.200     1527.637     1921.625
      30.610      342.500     1579.574     1921.625
      30.810      299.700     1632.031     1921.625
      31.030      394.200     1644.238     1921.625
      31.245      298.700     1719.688     1921.625
      31.450      346.400     1767.867     1921.625
      31.660      401.400     1770.141     1921.625
      31.870      337.000     1500.801     1822.207
      32.070      100.100     1017.391     1136.805
      32.271       61.600     1017.641     1136.867
      32.491        0.000     1017.641     1136.867
      32.710        0.000     1017.641     1136.867
      32.931        0.000     1017.641     1136.867
      33.151        7.100     1017.641     1136.867
      33.370        0.000     1017.641     1136.867
      33.590        0.000     1017.641     1136.867
      33.810        0.000     1017.641     1136.867
      34.010        0.000     1017.641     1136.867
      34.230        0.000     1017.641     1136.867
      34.450        0.000     1017.641     1136.867
      34.670        0.000     1017.641     1136.867
      34.880        0.000     1017.641     1136.867
      35.100        0.000     1017.641     1136.867
