# Elapsed time   CPU (%)     Real (MB)   Virtual (MB)
       0.016        0.000      745.172     1189.492
       0.224        0.000      745.172     1189.492
       0.425        0.000      745.172     1189.492
       0.648       14.300      745.172     1189.492
       0.850       23.100      745.203     1189.492
       1.051        7.700      745.219     1189.492
       1.251       23.100      745.262     1189.555
       1.452       23.100      745.262     1189.555
       1.652       30.800      745.262     1189.555
       1.856       30.600      745.262     1189.555
       2.056      153.900      673.508     1188.391
       2.274      121.800      733.738     1178.434
       2.479       99.600      785.391     1282.918
       2.683      100.100      821.098     1282.918
       2.888      100.100      827.422     1282.918
       3.093      100.100      790.730     1238.766
       3.297      192.400      869.277     1681.480
       3.500      400.200      983.859     1681.480
       3.707      361.800     1067.062     1681.480
       3.908      323.300     1137.680     1681.480
       4.124      335.300     1171.863     1620.590
       4.346      142.700      818.820     1286.871
       4.550      100.100      827.445     1286.871
       4.755      100.100      832.875     1286.871
       4.961       99.900      840.352     1309.500
       5.164      300.200      920.578     1685.434
       5.366      398.900     1027.113     1685.434
       5.588      400.600     1143.523     1685.434
       5.810      356.700     1175.879     1624.613
       6.014      123.200      818.820     1286.871
       6.219      100.100      827.230     1286.871
       6.425      100.100      832.875     1286.871
       6.630      100.100      837.281     1309.500
       6.834      284.800      920.578     1685.434
       7.037      392.500     1023.043     1685.434
       7.259      392.300     1133.102     1685.434
       7.461      354.100     1175.879     1624.613
       7.684      192.600      818.820     1286.871
       7.887      100.100      826.551     1286.941
       8.092      100.100      832.355     1286.941
       8.298      100.100      811.277     1274.906
       8.502      261.700      900.590     1685.504
       8.705      392.500     1013.758     1685.504
       8.927      399.500     1125.180     1685.504
       9.149      380.600     1175.918     1624.684
       9.352      191.500      820.094     1290.965
       9.557      100.100      829.973     1290.965
       9.763      100.100      836.070     1290.965
       9.968      100.100      804.016     1278.930
      10.172      238.600      895.258     1689.527
      10.374      423.300     1012.766     1689.527
      10.577      377.200     1110.508     1689.527
      10.779      377.200     1219.984     1689.527
      11.001      271.100      750.613     1194.527
      11.206      100.100      823.527     1286.941
      11.410      100.100      830.441     1286.941
      11.615       99.600      834.855     1294.988
      11.817      146.200      857.488     1685.504
      12.020      400.200      973.953     1685.504
      12.223      407.900     1071.082     1685.504
      12.425      400.200     1177.273     1685.504
      12.647      313.900      757.438     1218.648
      12.851       99.900      825.672     1290.965
      13.056      100.100      833.211     1290.965
      13.261      100.100      811.539     1278.930
      13.467      107.800      826.457     1309.539
      13.669      377.200      955.867     1689.527
      13.891      399.500     1068.203     1689.527
      14.113      399.500     1182.492     1689.527
      14.316      331.000      893.055     1602.051
      14.519      100.100      825.297     1290.965
      14.724      100.100      833.133     1290.965
      14.929      100.100      811.176     1278.930
      15.133       99.900      823.750     1309.539
      15.335      376.000      951.527     1689.527
      15.538      400.200     1047.059     1689.527
      15.760      398.900     1169.406     1689.527
      15.983      356.700      963.781     1602.055
      16.186      100.100      824.668     1290.965
      16.391      100.100      832.781     1290.965
      16.596      100.100      802.664     1278.930
      16.801      100.100      814.215     1309.539
      17.004      354.100      947.742     1689.527
      17.206      400.200     1045.035     1689.527
      17.428      399.500     1172.992     1689.527
      17.650      360.600     1151.508     1602.051
      17.854       99.600      823.910     1290.965
      18.058      100.100      832.195     1290.965
      18.263      100.100      798.805     1278.930
      18.489       99.900      814.535     1309.539
      18.712      360.600      958.992     1689.527
      18.914      400.200     1059.992     1689.527
      19.136      399.500     1181.785     1689.527
      19.358      313.900      799.508     1602.051
      19.562      100.100      825.898     1290.965
      19.767      100.100      833.480     1290.965
      19.973      100.100      818.848     1299.008
      20.178      100.100      833.480     1309.543
      20.380      377.200      957.578     1689.531
      20.583      400.200     1053.895     1689.531
      20.805      398.900     1169.777     1689.531
      21.007      400.200     1179.945     1628.707
      21.211      123.200      822.887     1290.965
      21.415      100.100      831.477     1290.965
      21.620      100.100      836.941     1290.965
      21.825      100.100      845.191     1313.590
      22.029      307.900      923.363     1689.527
      22.231      398.300     1027.109     1689.527
      22.433      400.200     1132.035     1689.527
      22.635      400.200     1179.945     1628.707
      22.838      192.400      808.059     1290.965
      23.042      100.100      829.910     1290.965
      23.246      100.100      836.023     1290.965
      23.449      100.100      802.816     1278.930
      23.652      238.600      894.934     1689.531
      23.874      399.500     1017.785     1689.531
      24.076      392.500     1117.828     1689.531
      24.298      378.100     1179.945     1628.707
      24.501      215.500      821.809     1290.965
      24.706      100.100      830.062     1290.965
      24.911      100.100      836.117     1290.965
      25.116       99.900      802.816     1278.930
      25.320      238.600      890.910     1689.527
      25.543      392.400     1017.785     1689.527
      25.764      399.500     1127.152     1689.527
      25.967      400.200     1179.945     1628.707
      26.170      238.600      746.656     1190.504
      26.380       30.800      746.668     1190.504
      26.587        0.000      746.668     1190.504
      26.791        0.000      746.668     1190.504
      26.992        0.000      746.668     1190.504
      27.194        0.000      746.668     1190.504
      27.394        0.000      746.668     1190.504
      27.594        0.000      746.668     1190.504
      27.795        0.000      746.668     1190.504
      28.011        0.000      746.668     1190.504
      28.212        0.000      746.668     1190.504
      28.423        0.000      746.668     1190.504
      28.626        7.700      746.668     1190.504
      28.826        0.000      746.668     1190.504
      29.027        0.000      746.668     1190.504
      29.234        0.000      746.668     1190.504
      29.448        0.000      746.668     1190.504
      29.652        0.000      746.668     1190.504
      29.866        0.000      746.668     1190.504
      30.073        0.000      746.668     1190.504
