# Elapsed time   CPU (%)     Real (MB)   Virtual (MB)
       0.000        0.000     1023.023     1121.906
       0.112        0.000     1023.023     1121.906
       0.220        0.000     1023.023     1121.906
       0.330        0.000     1023.023     1121.906
       0.439        0.000     1023.023     1121.906
       0.542        0.000     1023.023     1121.906
       0.653        0.000     1023.023     1121.906
       0.762        0.000     1023.023     1121.906
       0.871       57.300     1023.023     1121.906
       0.981        0.000     1023.023     1121.906
       1.105       25.000     1023.023     1121.906
       1.215       14.200     1023.023     1121.906
       1.325        0.000     1023.023     1121.906
       1.434       14.200     1023.023     1121.906
       1.548        0.000     1023.023     1121.906
       1.657       28.700     1023.023     1121.906
       1.767        0.000     1023.023     1121.906
       1.876        0.000     1023.023     1121.906
       1.985       43.000     1023.055     1121.906
       2.094      114.700     1023.258     1122.164
       2.204      170.500     1038.621     1169.547
       2.313      315.400     1032.797     1132.590
       2.422      312.500     1063.438     1163.184
       2.532      243.700     1055.949     1171.070
       2.641      186.400     1032.645     1136.754
       2.750      340.900     1032.746     1133.488
       2.860      315.400     1070.137     1171.699
       2.969      186.400     1054.352     1171.699
       3.076      249.300     1031.152     1130.664
       3.186      300.000     1028.883     1134.117
       3.296      269.900     1070.230     1171.699
       3.405      243.700     1052.156     1171.699
       3.514      272.400     1031.152     1130.664
       3.624      369.300     1064.492     1164.062
       3.733      229.400     1048.047     1171.699
       3.842      272.400     1034.293     1134.742
       3.952      340.900     1041.641     1162.359
       4.061      272.400     1069.758     1171.633
       4.170      269.900     1047.930     1171.633
       4.280      186.400     1034.258     1134.672
       4.389      272.400     1027.371     1126.832
       4.498      227.300     1069.719     1171.629
       4.608      215.000     1027.430     1126.895
       4.718        0.000     1027.418     1126.895
       4.827       42.600     1027.441     1126.895
       4.936        0.000     1027.441     1126.895
       5.046        0.000     1027.441     1126.895
       5.155        0.000     1027.441     1126.895
       5.264        0.000     1027.441     1126.895
       5.374        0.000     1027.441     1126.895
       5.483        0.000     1027.441     1126.895
       5.586        0.000     1027.441     1126.895
       5.696        0.000     1027.441     1126.895
       5.808        0.000     1027.438     1126.895
       5.917        0.000     1027.441     1126.895
       6.026        0.000     1027.441     1126.895
       6.144        0.000     1027.441     1126.895
       6.256        0.000     1027.441     1126.895
