# Elapsed time   CPU (%)     Real (MB)   Virtual (MB)
       0.003        0.000      988.938     1085.504
       0.111        0.000      988.938     1085.504
       0.228       37.500      988.938     1085.504
       0.344       86.000      989.094     1085.648
       0.460       37.500      989.094     1085.648
       0.576        0.000      989.094     1085.648
       0.686        0.000      989.094     1085.648
       0.793       43.000      989.094     1085.648
       0.894       16.600      989.094     1085.648
       1.009       12.500      989.094     1085.648
       1.126       28.700      989.109     1085.648
       1.242       37.500      984.152     1080.762
       1.358       56.800      989.168     1085.777
       1.461      100.300      995.066     1093.617
       1.576      200.700     1032.004     1130.574
       1.687      127.800      996.059     1093.617
       1.799      286.700     1031.703     1130.574
       1.903      198.900      996.367     1092.988
       2.011      301.000     1021.668     1130.574
       2.126      215.000      996.367     1092.988
       2.239      212.500     1022.594     1130.574
       2.351      269.900      996.336     1092.988
       2.460      100.300     1020.785     1130.574
       2.575      114.700      996.266     1092.988
       2.687      227.300     1018.602     1130.574
       2.791      215.000      995.137     1092.988
       2.903      284.100     1012.965     1130.574
       3.026      312.500      995.754     1092.988
       3.127      218.400     1015.277     1130.574
       3.239      275.000      994.836     1092.988
       3.343      149.600     1009.984     1130.508
       3.458      301.000      994.770     1092.922
       3.575      162.500     1013.113     1130.508
       3.679      255.700     1031.969     1130.508
       3.792      114.700      996.023     1093.551
       3.894      232.700     1031.523     1130.508
       4.009      162.500      993.703     1091.980
       4.125      229.400     1031.969     1130.508
       4.242      225.000      996.023     1093.551
       4.358      241.500     1031.969     1130.508
       4.475      150.000      994.598     1096.195
       4.589      286.700     1031.969     1130.508
       4.691      172.000      996.004     1092.922
       4.810      127.800     1003.805     1130.508
       4.925      229.400     1031.523     1130.508
       5.042      175.000      995.980     1092.922
       5.158      198.900     1006.496     1130.508
       5.275      225.000     1031.969     1130.508
       5.392      258.000      990.859     1087.387
       5.507        0.000      990.859     1087.387
       5.609       42.600      990.875     1087.387
       5.726        0.000      990.875     1087.387
       5.842        0.000      990.875     1087.387
       5.959        0.000      990.875     1087.387
       6.076        0.000      990.875     1087.387
       6.192        0.000      990.875     1087.387
       6.309        0.000      990.875     1087.387
       6.422        0.000      990.875     1087.387
       6.531        0.000      990.875     1087.387
       6.644        0.000      990.875     1087.387
       6.753        0.000      990.875     1087.387
       6.859        0.000      990.875     1087.387
       6.975        0.000      990.875     1087.387
       7.092       28.700      990.875     1087.387
